{"distance_matrix": [[0.0, 0.05293005704879761, 0.12704378366470337, 0.2176191806793213, 0.2952406406402588, 0.3348734974861145, 0.36140137910842896, 0.375762403011322, 0.35682082176208496, 0.3803907036781311, 0.3888623118400574, 0.41197383403778076, 0.42290037870407104, 0.392389714717865, 0.4318140149116516, 0.4012390971183777, 0.44233453273773193, 0.41653650999069214, 0.39260250329971313, 0.4265597462654114, 0.41627663373947144, 0.4094391465187073, 0.42937493324279785, 0.41259878873825073, 0.4550788998603821, 0.42275458574295044, 0.43581169843673706, 0.4472408890724182, 0.42212289571762085, 0.42115676403045654, 0.4047706127166748, 0.42285799980163574, 0.4469526410102844, 0.4170125126838684, 0.42720168828964233, 0.4490925669670105, 0.42143040895462036, 0.42373955249786377, 0.4503082036972046, 0.42748284339904785], [0.05293005704879761, 0.0, 0.06459766626358032, 0.1412128210067749, 0.22170323133468628, 0.26153868436813354, 0.29060810804367065, 0.306644082069397, 0.2832574248313904, 0.3092183470726013, 0.31895971298217773, 0.34588974714279175, 0.3582688570022583, 0.3215603828430176, 0.3678233027458191, 0.3312404751777649, 0.3800232410430908, 0.34897059202194214, 0.3216509222984314, 0.3596506714820862, 0.3490447402000427, 0.34001022577285767, 0.36328256130218506, 0.34490329027175903, 0.39417314529418945, 0.3565848469734192, 0.37212932109832764, 0.38490742444992065, 0.35690921545028687, 0.35555458068847656, 0.3375205397605896, 0.3572279214859009, 0.3837815523147583, 0.3512985110282898, 0.3619024157524109, 0.3858940601348877, 0.3554542660713196, 0.35893625020980835, 0.3892098069190979, 0.3636048436164856], [0.12704378366470337, 0.06459766626358032, 0.0, 0.06135284900665283, 0.13739198446273804, 0.1775107979774475, 0.2098323106765747, 0.2283492088317871, 0.20362919569015503, 0.2318894863128662, 0.24813324213027954, 0.27578204870224, 0.288688063621521, 0.24638980627059937, 0.3033738136291504, 0.2638063430786133, 0.3179301619529724, 0.28113365173339844, 0.25534069538116455, 0.2935221791267395, 0.284137487411499, 0.2772882580757141, 0.30016571283340454, 0.27892500162124634, 0.33451974391937256, 0.29542076587677, 0.31029176712036133, 0.3264998197555542, 0.2981511950492859, 0.2975260615348816, 0.2825843095779419, 0.29881030321121216, 0.3260034918785095, 0.29311561584472656, 0.3047589659690857, 0.3295385241508484, 0.29872697591781616, 0.30421048402786255, 0.3335148096084595, 0.3087175488471985], [0.2176191806793213, 0.1412128210067749, 0.06135284900665283, 0.0, 0.056882500648498535, 0.08442479372024536, 0.11144107580184937, 0.12641435861587524, 0.11124426126480103, 0.13394200801849365, 0.15288430452346802, 0.17650741338729858, 0.1887141466140747, 0.15623605251312256, 0.20726138353347778, 0.17914754152297974, 0.22078293561935425, 0.189994215965271, 0.1811324954032898, 0.2049621343612671, 0.20067942142486572, 0.20028865337371826, 0.21318084001541138, 0.1991591453552246, 0.24205845594406128, 0.21631556749343872, 0.22615110874176025, 0.2400164008140564, 0.22145450115203857, 0.22088497877120972, 0.21950197219848633, 0.22526663541793823, 0.24532276391983032, 0.22460263967514038, 0.23205488920211792, 0.2510277032852173, 0.23178595304489136, 0.23435872793197632, 0.25589412450790405, 0.23964160680770874], [0.2952406406402588, 0.22170323133468628, 0.13739198446273804, 0.056882500648498535, 0.0, 0.03615128993988037, 0.05036526918411255, 0.06109875440597534, 0.06409949064254761, 0.08039826154708862, 0.09704500436782837, 0.11338973045349121, 0.12006938457489014, 0.11162459850311279, 0.14356696605682373, 0.1412954330444336, 0.1569616198539734, 0.14330768585205078, 0.15871381759643555, 0.1590471863746643, 0.16329705715179443, 0.17148274183273315, 0.16662251949310303, 0.165921151638031, 0.18179935216903687, 0.18187791109085083, 0.18455767631530762, 0.19076263904571533, 0.18929290771484375, 0.1887022852897644, 0.2040945291519165, 0.19619619846343994, 0.2041383981704712, 0.20116806030273438, 0.20401239395141602, 0.21284127235412598, 0.2096695899963379, 0.20723086595535278, 0.21663016080856323, 0.2135382890701294], [0.3348734974861145, 0.26153868436813354, 0.1775107979774475, 0.08442479372024536, 0.03615128993988037, 0.0, 0.03460413217544556, 0.045376360416412354, 0.044066548347473145, 0.054906487464904785, 0.07529979944229126, 0.0859948992729187, 0.09191274642944336, 0.08438825607299805, 0.11671417951583862, 0.11446040868759155, 0.12959259748458862, 0.11326789855957031, 0.1323414444923401, 0.12871712446212769, 0.13446712493896484, 0.1455223560333252, 0.13867807388305664, 0.13869434595108032, 0.15409481525421143, 0.15473568439483643, 0.15641820430755615, 0.16397696733474731, 0.16335350275039673, 0.1642267107963562, 0.18091338872909546, 0.170793354511261, 0.17653584480285645, 0.17776447534561157, 0.17930859327316284, 0.18535327911376953, 0.18561506271362305, 0.1849307417869568, 0.19026702642440796, 0.18966978788375854], [0.36140137910842896, 0.29060810804367065, 0.2098323106765747, 0.11144107580184937, 0.05036526918411255, 0.03460413217544556, 0.0, 0.032260119915008545, 0.04105454683303833, 0.04757201671600342, 0.06200665235519409, 0.06514561176300049, 0.0704423189163208, 0.07214218378067017, 0.09174233675003052, 0.10124307870864868, 0.10221892595291138, 0.09945058822631836, 0.128470778465271, 0.11035186052322388, 0.11838674545288086, 0.13529789447784424, 0.11925345659255981, 0.12603896856307983, 0.1262187957763672, 0.1422930359840393, 0.13594424724578857, 0.13977080583572388, 0.14932376146316528, 0.15112358331680298, 0.17619365453720093, 0.15887439250946045, 0.15763217210769653, 0.1683327555656433, 0.16913992166519165, 0.1670898199081421, 0.17793452739715576, 0.1734994649887085, 0.17136621475219727, 0.18043065071105957], [0.375762403011322, 0.306644082069397, 0.2283492088317871, 0.12641435861587524, 0.06109875440597534, 0.045376360416412354, 0.032260119915008545, 0.0, 0.0418546199798584, 0.0430639386177063, 0.05500060319900513, 0.054827094078063965, 0.06050688028335571, 0.06774044036865234, 0.07948541641235352, 0.0950549840927124, 0.0873759388923645, 0.09009379148483276, 0.12490981817245483, 0.10434561967849731, 0.1106002926826477, 0.12840455770492554, 0.10963046550750732, 0.1187506914138794, 0.11299729347229004, 0.13472455739974976, 0.12807142734527588, 0.12809544801712036, 0.1421176791191101, 0.14382541179656982, 0.174077570438385, 0.1517418622970581, 0.14789938926696777, 0.16305625438690186, 0.1626400351524353, 0.15839678049087524, 0.17265397310256958, 0.16614311933517456, 0.16177433729171753, 0.17310720682144165], [0.35682082176208496, 0.2832574248313904, 0.20362919569015503, 0.11124426126480103, 0.06409949064254761, 0.044066548347473145, 0.04105454683303833, 0.0418546199798584, 0.0, 0.035241544246673584, 0.046901583671569824, 0.05644577741622925, 0.062030673027038574, 0.04938793182373047, 0.07869905233383179, 0.07044363021850586, 0.08948659896850586, 0.0703573226928711, 0.08969980478286743, 0.08407384157180786, 0.08812481164932251, 0.0975380539894104, 0.09251093864440918, 0.09410226345062256, 0.11018979549407959, 0.10831445455551147, 0.10893058776855469, 0.11537212133407593, 0.11561483144760132, 0.11670804023742676, 0.13803184032440186, 0.1243140697479248, 0.12628239393234253, 0.13290053606033325, 0.13246726989746094, 0.13526290655136108, 0.1398027539253235, 0.1388038992881775, 0.1421939730644226, 0.14411360025405884], [0.3803907036781311, 0.3092183470726013, 0.2318894863128662, 0.13394200801849365, 0.08039826154708862, 0.054906487464904785, 0.04757201671600342, 0.0430639386177063, 0.035241544246673584, 0.0, 0.04373091459274292, 0.042322754859924316, 0.04726433753967285, 0.04381608963012695, 0.06165999174118042, 0.06050390005111694, 0.0687515139579773, 0.05761754512786865, 0.0837700366973877, 0.07226741313934326, 0.07669484615325928, 0.0887024998664856, 0.07812380790710449, 0.08411425352096558, 0.09072178602218628, 0.09573149681091309, 0.09381121397018433, 0.09750992059707642, 0.10326331853866577, 0.1058797836303711, 0.13293606042861938, 0.11339336633682251, 0.11179649829864502, 0.12307858467102051, 0.12353140115737915, 0.12044507265090942, 0.13309240341186523, 0.1287904977798462, 0.12664145231246948, 0.13388890027999878], [0.3888623118400574, 0.31895971298217773, 0.24813324213027954, 0.15288430452346802, 0.09704500436782837, 0.07529979944229126, 0.06200665235519409, 0.05500060319900513, 0.046901583671569824, 0.04373091459274292, 0.0, 0.04528629779815674, 0.0507931113243103, 0.056605637073516846, 0.05853027105331421, 0.06297218799591064, 0.06928396224975586, 0.06445932388305664, 0.09030866622924805, 0.07961791753768921, 0.07871747016906738, 0.09259140491485596, 0.07974714040756226, 0.09392762184143066, 0.08986634016036987, 0.09649455547332764, 0.09370875358581543, 0.09347045421600342, 0.0993315577507019, 0.10130703449249268, 0.1350245475769043, 0.11344951391220093, 0.10896581411361694, 0.12281519174575806, 0.1215105652809143, 0.12154173851013184, 0.1336209774017334, 0.12817251682281494, 0.12457108497619629, 0.132579505443573], [0.41197383403778076, 0.34588974714279175, 0.27578204870224, 0.17650741338729858, 0.11338973045349121, 0.0859948992729187, 0.06514561176300049, 0.054827094078063965, 0.05644577741622925, 0.042322754859924316, 0.04528629779815674, 0.0, 0.03577530384063721, 0.049199819564819336, 0.04463094472885132, 0.06157958507537842, 0.04732692241668701, 0.056391358375549316, 0.09218639135360718, 0.06326085329055786, 0.06901705265045166, 0.09057748317718506, 0.06806689500808716, 0.0807071328163147, 0.06503653526306152, 0.09078317880630493, 0.08061617612838745, 0.07688629627227783, 0.09668564796447754, 0.09964799880981445, 0.13816076517105103, 0.10824531316757202, 0.09770447015762329, 0.12305724620819092, 0.1202511191368103, 0.109965980052948, 0.1344471573829651, 0.12537211179733276, 0.11146748065948486, 0.13211578130722046], [0.42290037870407104, 0.3582688570022583, 0.288688063621521, 0.1887141466140747, 0.12006938457489014, 0.09191274642944336, 0.0704423189163208, 0.06050688028335571, 0.062030673027038574, 0.04726433753967285, 0.0507931113243103, 0.03577530384063721, 0.0, 0.05228394269943237, 0.043797075748443604, 0.06438350677490234, 0.043495118618011475, 0.05349016189575195, 0.09861361980438232, 0.06496155261993408, 0.07248526811599731, 0.09346520900726318, 0.06628847122192383, 0.08184021711349487, 0.06342363357543945, 0.0929444432258606, 0.08002424240112305, 0.07503879070281982, 0.09954237937927246, 0.10098141431808472, 0.14157623052597046, 0.11001628637313843, 0.09741568565368652, 0.12592262029647827, 0.12058001756668091, 0.1111411452293396, 0.13797658681869507, 0.1259005069732666, 0.10924315452575684, 0.13313060998916626], [0.392389714717865, 0.3215603828430176, 0.24638980627059937, 0.15623605251312256, 0.11162459850311279, 0.08438825607299805, 0.07214218378067017, 0.06774044036865234, 0.04938793182373047, 0.04381608963012695, 0.056605637073516846, 0.049199819564819336, 0.05228394269943237, 0.0, 0.056269705295562744, 0.04604053497314453, 0.061296164989471436, 0.04368269443511963, 0.05931389331817627, 0.048191606998443604, 0.0511435866355896, 0.06057196855545044, 0.055352866649627686, 0.05320960283279419, 0.06951600313186646, 0.06988465785980225, 0.06707566976547241, 0.07157397270202637, 0.07639771699905396, 0.07872599363327026, 0.10267776250839233, 0.0821608304977417, 0.08067542314529419, 0.09228038787841797, 0.0934479832649231, 0.08891552686691284, 0.10007935762405396, 0.0987970232963562, 0.09341078996658325, 0.10204511880874634], [0.4318140149116516, 0.3678233027458191, 0.3033738136291504, 0.20726138353347778, 0.14356696605682373, 0.11671417951583862, 0.09174233675003052, 0.07948541641235352, 0.07869905233383179, 0.06165999174118042, 0.05853027105331421, 0.04463094472885132, 0.043797075748443604, 0.056269705295562744, 0.0, 0.06273239850997925, 0.04183518886566162, 0.05364525318145752, 0.09513002634048462, 0.06064891815185547, 0.061833858489990234, 0.08490514755249023, 0.05499488115310669, 0.07556229829788208, 0.05171191692352295, 0.08507603406906128, 0.06984949111938477, 0.06229978799819946, 0.08899390697479248, 0.09057062864303589, 0.133780837059021, 0.09793204069137573, 0.08469986915588379, 0.11637645959854126, 0.11186105012893677, 0.09750878810882568, 0.12675726413726807, 0.11367630958557129, 0.09546554088592529, 0.12039744853973389], [0.4012390971183777, 0.3312404751777649, 0.2638063430786133, 0.17914754152297974, 0.1412954330444336, 0.11446040868759155, 0.10124307870864868, 0.0950549840927124, 0.07044363021850586, 0.06050390005111694, 0.06297218799591064, 0.06157958507537842, 0.06438350677490234, 0.04604053497314453, 0.06273239850997925, 0.0, 0.06395167112350464, 0.04077714681625366, 0.043627142906188965, 0.04348587989807129, 0.03878664970397949, 0.04237687587738037, 0.046366870403289795, 0.04811960458755493, 0.06817430257797241, 0.050869524478912354, 0.052207887172698975, 0.05841624736785889, 0.051534831523895264, 0.056612491607666016, 0.07537698745727539, 0.060250043869018555, 0.06076711416244507, 0.06777268648147583, 0.06856679916381836, 0.06647312641143799, 0.07696568965911865, 0.07592642307281494, 0.0750003457069397, 0.07982873916625977], [0.44233453273773193, 0.3800232410430908, 0.3179301619529724, 0.22078293561935425, 0.1569616198539734, 0.12959259748458862, 0.10221892595291138, 0.0873759388923645, 0.08948659896850586, 0.0687515139579773, 0.06928396224975586, 0.04732692241668701, 0.043495118618011475, 0.061296164989471436, 0.04183518886566162, 0.06395167112350464, 0.0, 0.050739586353302, 0.09662532806396484, 0.058188557624816895, 0.06362611055374146, 0.08622288703918457, 0.05497795343399048, 0.07291364669799805, 0.04644787311553955, 0.08047759532928467, 0.06500941514968872, 0.058405399322509766, 0.08798104524612427, 0.08930879831314087, 0.1318964958190918, 0.09375351667404175, 0.08052104711532593, 0.11473768949508667, 0.10900706052780151, 0.09261393547058105, 0.12671911716461182, 0.112099289894104, 0.0903061032295227, 0.11927807331085205], [0.41653650999069214, 0.34897059202194214, 0.28113365173339844, 0.189994215965271, 0.14330768585205078, 0.11326789855957031, 0.09945058822631836, 0.09009379148483276, 0.0703573226928711, 0.05761754512786865, 0.06445932388305664, 0.056391358375549316, 0.05349016189575195, 0.04368269443511963, 0.05364525318145752, 0.04077714681625366, 0.050739586353302, 0.0, 0.053825318813323975, 0.039909958839416504, 0.040522098541259766, 0.05117654800415039, 0.04161489009857178, 0.046330928802490234, 0.057105422019958496, 0.05263996124267578, 0.05021899938583374, 0.05322462320327759, 0.05910325050354004, 0.06005305051803589, 0.08797049522399902, 0.06417757272720337, 0.06112205982208252, 0.07805871963500977, 0.07309591770172119, 0.07003837823867798, 0.08502161502838135, 0.08004391193389893, 0.07389712333679199, 0.0842663049697876], [0.39260250329971313, 0.3216509222984314, 0.25534069538116455, 0.1811324954032898, 0.15871381759643555, 0.1323414444923401, 0.128470778465271, 0.12490981817245483, 0.08969980478286743, 0.0837700366973877, 0.09030866622924805, 0.09218639135360718, 0.09861361980438232, 0.05931389331817627, 0.09513002634048462, 0.043627142906188965, 0.09662532806396484, 0.053825318813323975, 0.0, 0.05175280570983887, 0.042307257652282715, 0.03567314147949219, 0.05695676803588867, 0.043577492237091064, 0.09407144784927368, 0.04490923881530762, 0.057502567768096924, 0.07288968563079834, 0.04789453744888306, 0.04895108938217163, 0.05068206787109375, 0.047992825508117676, 0.06113624572753906, 0.050918519496917725, 0.054745614528656006, 0.062394678592681885, 0.05516701936721802, 0.061194002628326416, 0.07439136505126953, 0.06225323677062988], [0.4265597462654114, 0.3596506714820862, 0.2935221791267395, 0.2049621343612671, 0.1590471863746643, 0.12871712446212769, 0.11035186052322388, 0.10434561967849731, 0.08407384157180786, 0.07226741313934326, 0.07961791753768921, 0.06326085329055786, 0.06496155261993408, 0.048191606998443604, 0.06064891815185547, 0.04348587989807129, 0.058188557624816895, 0.039909958839416504, 0.05175280570983887, 0.0, 0.03760582208633423, 0.04891037940979004, 0.039714694023132324, 0.03883785009384155, 0.054002225399017334, 0.04995465278625488, 0.04557168483734131, 0.049902379512786865, 0.055001258850097656, 0.05658453702926636, 0.08050727844238281, 0.05753666162490845, 0.05305123329162598, 0.07083553075790405, 0.06829112768173218, 0.057842910289764404, 0.07591444253921509, 0.07357162237167358, 0.06296712160110474, 0.07815450429916382], [0.41627663373947144, 0.3490447402000427, 0.284137487411499, 0.20067942142486572, 0.16329705715179443, 0.13446712493896484, 0.11838674545288086, 0.1106002926826477, 0.08812481164932251, 0.07669484615325928, 0.07871747016906738, 0.06901705265045166, 0.07248526811599731, 0.0511435866355896, 0.061833858489990234, 0.03878664970397949, 0.06362611055374146, 0.040522098541259766, 0.042307257652282715, 0.03760582208633423, 0.0, 0.03755497932434082, 0.03747755289077759, 0.03677797317504883, 0.056867003440856934, 0.04133737087249756, 0.03860950469970703, 0.04443126916885376, 0.04174298048019409, 0.045149266719818115, 0.06588703393936157, 0.04601097106933594, 0.04475909471511841, 0.056447625160217285, 0.05533665418624878, 0.05177009105682373, 0.06375598907470703, 0.05954533815383911, 0.056388139724731445, 0.06439071893692017], [0.4094391465187073, 0.34001022577285767, 0.2772882580757141, 0.20028865337371826, 0.17148274183273315, 0.1455223560333252, 0.13529789447784424, 0.12840455770492554, 0.0975380539894104, 0.0887024998664856, 0.09259140491485596, 0.09057748317718506, 0.09346520900726318, 0.06057196855545044, 0.08490514755249023, 0.04237687587738037, 0.08622288703918457, 0.05117654800415039, 0.03567314147949219, 0.04891037940979004, 0.03755497932434082, 0.0, 0.04627341032028198, 0.03803849220275879, 0.075431227684021, 0.03904145956039429, 0.04887855052947998, 0.05670076608657837, 0.03990525007247925, 0.0421023964881897, 0.04983574151992798, 0.041907668113708496, 0.04898470640182495, 0.04551130533218384, 0.047506630420684814, 0.04968971014022827, 0.050070106983184814, 0.05154097080230713, 0.05905735492706299, 0.054924607276916504], [0.42937493324279785, 0.36328256130218506, 0.30016571283340454, 0.21318084001541138, 0.16662251949310303, 0.13867807388305664, 0.11925345659255981, 0.10963046550750732, 0.09251093864440918, 0.07812380790710449, 0.07974714040756226, 0.06806689500808716, 0.06628847122192383, 0.055352866649627686, 0.05499488115310669, 0.046366870403289795, 0.05497795343399048, 0.04161489009857178, 0.05695676803588867, 0.039714694023132324, 0.03747755289077759, 0.04627341032028198, 0.0, 0.039604783058166504, 0.04609876871109009, 0.04554438591003418, 0.04054570198059082, 0.041889190673828125, 0.05068683624267578, 0.050045907497406006, 0.08018636703491211, 0.05296659469604492, 0.048603594303131104, 0.06598412990570068, 0.06286513805389404, 0.05460625886917114, 0.07404953241348267, 0.06488621234893799, 0.05606222152709961, 0.06964147090911865], [0.41259878873825073, 0.34490329027175903, 0.27892500162124634, 0.1991591453552246, 0.165921151638031, 0.13869434595108032, 0.12603896856307983, 0.1187506914138794, 0.09410226345062256, 0.08411425352096558, 0.09392762184143066, 0.0807071328163147, 0.08184021711349487, 0.05320960283279419, 0.07556229829788208, 0.04811960458755493, 0.07291364669799805, 0.046330928802490234, 0.043577492237091064, 0.03883785009384155, 0.03677797317504883, 0.03803849220275879, 0.039604783058166504, 0.0, 0.05985206365585327, 0.03925907611846924, 0.04111039638519287, 0.050036072731018066, 0.045306622982025146, 0.046568989753723145, 0.06145811080932617, 0.04235637187957764, 0.04677468538284302, 0.051874756813049316, 0.05274021625518799, 0.04994732141494751, 0.056069135665893555, 0.05378866195678711, 0.05316358804702759, 0.05825042724609375], [0.4550788998603821, 0.39417314529418945, 0.33451974391937256, 0.24205845594406128, 0.18179935216903687, 0.15409481525421143, 0.1262187957763672, 0.11299729347229004, 0.11018979549407959, 0.09072178602218628, 0.08986634016036987, 0.06503653526306152, 0.06342363357543945, 0.06951600313186646, 0.05171191692352295, 0.06817430257797241, 0.04644787311553955, 0.057105422019958496, 0.09407144784927368, 0.054002225399017334, 0.056867003440856934, 0.075431227684021, 0.04609876871109009, 0.05985206365585327, 0.0, 0.06893277168273926, 0.05261504650115967, 0.0448075532913208, 0.07506722211837769, 0.0741317868232727, 0.11748892068862915, 0.07803308963775635, 0.061748623847961426, 0.0960913896560669, 0.09079241752624512, 0.07172912359237671, 0.10578161478042603, 0.09186822175979614, 0.06729239225387573, 0.0983307957649231], [0.42275458574295044, 0.3565848469734192, 0.29542076587677, 0.21631556749343872, 0.18187791109085083, 0.15473568439483643, 0.1422930359840393, 0.13472455739974976, 0.10831445455551147, 0.09573149681091309, 0.09649455547332764, 0.09078317880630493, 0.0929444432258606, 0.06988465785980225, 0.08507603406906128, 0.050869524478912354, 0.08047759532928467, 0.05263996124267578, 0.04490923881530762, 0.04995465278625488, 0.04133737087249756, 0.03904145956039429, 0.04554438591003418, 0.03925907611846924, 0.06893277168273926, 0.0, 0.039179980754852295, 0.048550546169281006, 0.03649932146072388, 0.03824436664581299, 0.05284911394119263, 0.038395702838897705, 0.0420457124710083, 0.045574069023132324, 0.04722493886947632, 0.046669185161590576, 0.0521695613861084, 0.04730337858200073, 0.05120277404785156, 0.051420509815216064], [0.43581169843673706, 0.37212932109832764, 0.31029176712036133, 0.22615110874176025, 0.18455767631530762, 0.15641820430755615, 0.13594424724578857, 0.12807142734527588, 0.10893058776855469, 0.09381121397018433, 0.09370875358581543, 0.08061617612838745, 0.08002424240112305, 0.06707566976547241, 0.06984949111938477, 0.052207887172698975, 0.06500941514968872, 0.05021899938583374, 0.057502567768096924, 0.04557168483734131, 0.03860950469970703, 0.04887855052947998, 0.04054570198059082, 0.04111039638519287, 0.05261504650115967, 0.039179980754852295, 0.0, 0.039556920528411865, 0.04060471057891846, 0.04340982437133789, 0.06923019886016846, 0.043733954429626465, 0.038559794425964355, 0.054776132106781006, 0.054568469524383545, 0.04696500301361084, 0.06463807821273804, 0.05382281541824341, 0.046134352684020996, 0.061398088932037354], [0.4472408890724182, 0.38490742444992065, 0.3264998197555542, 0.2400164008140564, 0.19076263904571533, 0.16397696733474731, 0.13977080583572388, 0.12809544801712036, 0.11537212133407593, 0.09750992059707642, 0.09347045421600342, 0.07688629627227783, 0.07503879070281982, 0.07157397270202637, 0.06229978799819946, 0.05841624736785889, 0.058405399322509766, 0.05322462320327759, 0.07288968563079834, 0.049902379512786865, 0.04443126916885376, 0.05670076608657837, 0.041889190673828125, 0.050036072731018066, 0.0448075532913208, 0.048550546169281006, 0.039556920528411865, 0.0, 0.0480039119720459, 0.047875404357910156, 0.08460307121276855, 0.053876280784606934, 0.042546093463897705, 0.06667459011077881, 0.06389939785003662, 0.05266028642654419, 0.07648253440856934, 0.06471478939056396, 0.04938250780105591, 0.07015037536621094], [0.42212289571762085, 0.35690921545028687, 0.2981511950492859, 0.22145450115203857, 0.18929290771484375, 0.16335350275039673, 0.14932376146316528, 0.1421176791191101, 0.11561483144760132, 0.10326331853866577, 0.0993315577507019, 0.09668564796447754, 0.09954237937927246, 0.07639771699905396, 0.08899390697479248, 0.051534831523895264, 0.08798104524612427, 0.05910325050354004, 0.04789453744888306, 0.055001258850097656, 0.04174298048019409, 0.03990525007247925, 0.05068683624267578, 0.045306622982025146, 0.07506722211837769, 0.03649932146072388, 0.04060471057891846, 0.0480039119720459, 0.0, 0.03400963544845581, 0.04778337478637695, 0.03605008125305176, 0.038229286670684814, 0.03893989324569702, 0.041185081005096436, 0.04171973466873169, 0.04709357023239136, 0.042478084564208984, 0.04687380790710449, 0.04506188631057739], [0.42115676403045654, 0.35555458068847656, 0.2975260615348816, 0.22088497877120972, 0.1887022852897644, 0.1642267107963562, 0.15112358331680298, 0.14382541179656982, 0.11670804023742676, 0.1058797836303711, 0.10130703449249268, 0.09964799880981445, 0.10098141431808472, 0.07872599363327026, 0.09057062864303589, 0.056612491607666016, 0.08930879831314087, 0.06005305051803589, 0.04895108938217163, 0.05658453702926636, 0.045149266719818115, 0.0421023964881897, 0.050045907497406006, 0.046568989753723145, 0.0741317868232727, 0.03824436664581299, 0.04340982437133789, 0.047875404357910156, 0.03400963544845581, 0.0, 0.04742556810379028, 0.03633475303649902, 0.03989166021347046, 0.03851443529129028, 0.04073178768157959, 0.04332858324050903, 0.04582184553146362, 0.039861321449279785, 0.04759484529495239, 0.04343855381011963], [0.4047706127166748, 0.3375205397605896, 0.2825843095779419, 0.21950197219848633, 0.2040945291519165, 0.18091338872909546, 0.17619365453720093, 0.174077570438385, 0.13803184032440186, 0.13293606042861938, 0.1350245475769043, 0.13816076517105103, 0.14157623052597046, 0.10267776250839233, 0.133780837059021, 0.07537698745727539, 0.1318964958190918, 0.08797049522399902, 0.05068206787109375, 0.08050727844238281, 0.06588703393936157, 0.04983574151992798, 0.08018636703491211, 0.06145811080932617, 0.11748892068862915, 0.05284911394119263, 0.06923019886016846, 0.08460307121276855, 0.04778337478637695, 0.04742556810379028, 0.0, 0.04084765911102295, 0.061121463775634766, 0.03967475891113281, 0.04305154085159302, 0.0556415319442749, 0.03845459222793579, 0.04515498876571655, 0.06646502017974854, 0.04558223485946655], [0.42285799980163574, 0.3572279214859009, 0.29881030321121216, 0.22526663541793823, 0.19619619846343994, 0.170793354511261, 0.15887439250946045, 0.1517418622970581, 0.1243140697479248, 0.11339336633682251, 0.11344951391220093, 0.10824531316757202, 0.11001628637313843, 0.0821608304977417, 0.09793204069137573, 0.060250043869018555, 0.09375351667404175, 0.06417757272720337, 0.047992825508117676, 0.05753666162490845, 0.04601097106933594, 0.041907668113708496, 0.05296659469604492, 0.04235637187957764, 0.07803308963775635, 0.038395702838897705, 0.043733954429626465, 0.053876280784606934, 0.03605008125305176, 0.03633475303649902, 0.04084765911102295, 0.0, 0.04096490144729614, 0.036517441272735596, 0.03720498085021973, 0.0404665470123291, 0.03913414478302002, 0.03823256492614746, 0.043706655502319336, 0.039348721504211426], [0.4469526410102844, 0.3837815523147583, 0.3260034918785095, 0.24532276391983032, 0.2041383981704712, 0.17653584480285645, 0.15763217210769653, 0.14789938926696777, 0.12628239393234253, 0.11179649829864502, 0.10896581411361694, 0.09770447015762329, 0.09741568565368652, 0.08067542314529419, 0.08469986915588379, 0.06076711416244507, 0.08052104711532593, 0.06112205982208252, 0.06113624572753906, 0.05305123329162598, 0.04475909471511841, 0.04898470640182495, 0.048603594303131104, 0.04677468538284302, 0.061748623847961426, 0.0420457124710083, 0.038559794425964355, 0.042546093463897705, 0.038229286670684814, 0.03989166021347046, 0.061121463775634766, 0.04096490144729614, 0.0, 0.047069013118743896, 0.043995678424835205, 0.03827124834060669, 0.05319100618362427, 0.047258973121643066, 0.03688359260559082, 0.048091888427734375], [0.4170125126838684, 0.3512985110282898, 0.29311561584472656, 0.22460263967514038, 0.20116806030273438, 0.17776447534561157, 0.1683327555656433, 0.16305625438690186, 0.13290053606033325, 0.12307858467102051, 0.12281519174575806, 0.12305724620819092, 0.12592262029647827, 0.09228038787841797, 0.11637645959854126, 0.06777268648147583, 0.11473768949508667, 0.07805871963500977, 0.050918519496917725, 0.07083553075790405, 0.056447625160217285, 0.04551130533218384, 0.06598412990570068, 0.051874756813049316, 0.0960913896560669, 0.045574069023132324, 0.054776132106781006, 0.06667459011077881, 0.03893989324569702, 0.03851443529129028, 0.03967475891113281, 0.036517441272735596, 0.047069013118743896, 0.0, 0.035738587379455566, 0.04468870162963867, 0.03555774688720703, 0.03609830141067505, 0.04817616939544678, 0.03623276948928833], [0.42720168828964233, 0.3619024157524109, 0.3047589659690857, 0.23205488920211792, 0.20401239395141602, 0.17930859327316284, 0.16913992166519165, 0.1626400351524353, 0.13246726989746094, 0.12353140115737915, 0.1215105652809143, 0.1202511191368103, 0.12058001756668091, 0.0934479832649231, 0.11186105012893677, 0.06856679916381836, 0.10900706052780151, 0.07309591770172119, 0.054745614528656006, 0.06829112768173218, 0.05533665418624878, 0.047506630420684814, 0.06286513805389404, 0.05274021625518799, 0.09079241752624512, 0.04722493886947632, 0.054568469524383545, 0.06389939785003662, 0.041185081005096436, 0.04073178768157959, 0.04305154085159302, 0.03720498085021973, 0.043995678424835205, 0.035738587379455566, 0.0, 0.041889488697052, 0.03877919912338257, 0.03775680065155029, 0.047190070152282715, 0.037692129611968994], [0.4490925669670105, 0.3858940601348877, 0.3295385241508484, 0.2510277032852173, 0.21284127235412598, 0.18535327911376953, 0.1670898199081421, 0.15839678049087524, 0.13526290655136108, 0.12044507265090942, 0.12154173851013184, 0.109965980052948, 0.1111411452293396, 0.08891552686691284, 0.09750878810882568, 0.06647312641143799, 0.09261393547058105, 0.07003837823867798, 0.062394678592681885, 0.057842910289764404, 0.05177009105682373, 0.04968971014022827, 0.05460625886917114, 0.04994732141494751, 0.07172912359237671, 0.046669185161590576, 0.04696500301361084, 0.05266028642654419, 0.04171973466873169, 0.04332858324050903, 0.0556415319442749, 0.0404665470123291, 0.03827124834060669, 0.04468870162963867, 0.041889488697052, 0.0, 0.04642397165298462, 0.04305398464202881, 0.03807789087295532, 0.043641746044158936], [0.42143040895462036, 0.3554542660713196, 0.29872697591781616, 0.23178595304489136, 0.2096695899963379, 0.18561506271362305, 0.17793452739715576, 0.17265397310256958, 0.1398027539253235, 0.13309240341186523, 0.1336209774017334, 0.1344471573829651, 0.13797658681869507, 0.10007935762405396, 0.12675726413726807, 0.07696568965911865, 0.12671911716461182, 0.08502161502838135, 0.05516701936721802, 0.07591444253921509, 0.06375598907470703, 0.050070106983184814, 0.07404953241348267, 0.056069135665893555, 0.10578161478042603, 0.0521695613861084, 0.06463807821273804, 0.07648253440856934, 0.04709357023239136, 0.04582184553146362, 0.03845459222793579, 0.03913414478302002, 0.05319100618362427, 0.03555774688720703, 0.03877919912338257, 0.04642397165298462, 0.0, 0.03788250684738159, 0.05276751518249512, 0.03567463159561157], [0.42373955249786377, 0.35893625020980835, 0.30421048402786255, 0.23435872793197632, 0.20723086595535278, 0.1849307417869568, 0.1734994649887085, 0.16614311933517456, 0.1388038992881775, 0.1287904977798462, 0.12817251682281494, 0.12537211179733276, 0.1259005069732666, 0.0987970232963562, 0.11367630958557129, 0.07592642307281494, 0.112099289894104, 0.08004391193389893, 0.061194002628326416, 0.07357162237167358, 0.05954533815383911, 0.05154097080230713, 0.06488621234893799, 0.05378866195678711, 0.09186822175979614, 0.04730337858200073, 0.05382281541824341, 0.06471478939056396, 0.042478084564208984, 0.039861321449279785, 0.04515498876571655, 0.03823256492614746, 0.047258973121643066, 0.03609830141067505, 0.03775680065155029, 0.04305398464202881, 0.03788250684738159, 0.0, 0.04570692777633667, 0.03471189737319946], [0.4503082036972046, 0.3892098069190979, 0.3335148096084595, 0.25589412450790405, 0.21663016080856323, 0.19026702642440796, 0.17136621475219727, 0.16177433729171753, 0.1421939730644226, 0.12664145231246948, 0.12457108497619629, 0.11146748065948486, 0.10924315452575684, 0.09341078996658325, 0.09546554088592529, 0.0750003457069397, 0.0903061032295227, 0.07389712333679199, 0.07439136505126953, 0.06296712160110474, 0.056388139724731445, 0.05905735492706299, 0.05606222152709961, 0.05316358804702759, 0.06729239225387573, 0.05120277404785156, 0.046134352684020996, 0.04938250780105591, 0.04687380790710449, 0.04759484529495239, 0.06646502017974854, 0.043706655502319336, 0.03688359260559082, 0.04817616939544678, 0.047190070152282715, 0.03807789087295532, 0.05276751518249512, 0.04570692777633667, 0.0, 0.04684418439865112], [0.42748284339904785, 0.3636048436164856, 0.3087175488471985, 0.23964160680770874, 0.2135382890701294, 0.18966978788375854, 0.18043065071105957, 0.17310720682144165, 0.14411360025405884, 0.13388890027999878, 0.132579505443573, 0.13211578130722046, 0.13313060998916626, 0.10204511880874634, 0.12039744853973389, 0.07982873916625977, 0.11927807331085205, 0.0842663049697876, 0.06225323677062988, 0.07815450429916382, 0.06439071893692017, 0.054924607276916504, 0.06964147090911865, 0.05825042724609375, 0.0983307957649231, 0.051420509815216064, 0.061398088932037354, 0.07015037536621094, 0.04506188631057739, 0.04343855381011963, 0.04558223485946655, 0.039348721504211426, 0.048091888427734375, 0.03623276948928833, 0.037692129611968994, 0.043641746044158936, 0.03567463159561157, 0.03471189737319946, 0.04684418439865112, 0.0]], "losses": [2.9845573902130127, 2.811418294906616, 2.5652971267700195, 2.608259439468384, 2.6727750301361084, 2.4687647819519043, 2.537517547607422, 2.5095889568328857, 2.5548877716064453, 2.358612298965454, 2.5611085891723633, 2.5490610599517822, 2.42254900932312, 2.530366897583008, 2.558359384536743, 2.534684658050537, 2.4359567165374756, 2.497220754623413, 2.4859611988067627, 2.4854395389556885, 2.4464588165283203, 2.499326705932617, 2.517487049102783, 2.5006775856018066, 2.520745277404785, 2.4815046787261963, 2.4464330673217773, 2.4862749576568604, 2.492780923843384, 2.5310847759246826, 2.448401927947998, 2.52223539352417, 2.4713938236236572, 2.411846160888672, 2.493001699447632, 2.3549628257751465, 2.4943034648895264, 2.4661645889282227, 2.5212509632110596, 2.4569334983825684], "div_coeff_mu": 0.12453606938704466, "div_coeff_var": 0.10264557080849131, "num_tasks": 40, "eval_loss": 2.40718994140625}