{"distance_matrix": [[0.0, 0.045400798320770264, 0.12068188190460205, 0.2159104347229004, 0.27828067541122437, 0.3345462679862976, 0.34507453441619873, 0.38861924409866333, 0.40749526023864746, 0.4389722943305969, 0.42896944284439087, 0.41912996768951416, 0.39836984872817993, 0.42051345109939575, 0.39692550897598267, 0.41510170698165894, 0.41709816455841064, 0.4387454390525818, 0.4360031485557556, 0.4561554789543152, 0.41298025846481323, 0.41195374727249146, 0.42689812183380127, 0.4477241635322571, 0.39617055654525757, 0.39940744638442993, 0.4103981852531433, 0.4037137031555176, 0.3943817615509033, 0.41607314348220825, 0.4271659255027771, 0.39807599782943726, 0.41742658615112305, 0.44350379705429077, 0.45170849561691284, 0.39991939067840576, 0.3915013074874878, 0.3963945508003235, 0.4054061770439148, 0.4247061014175415], [0.045400798320770264, 0.0, 0.059871017932891846, 0.14693564176559448, 0.20883411169052124, 0.2700883746147156, 0.2819623351097107, 0.32821768522262573, 0.34845155477523804, 0.3852367401123047, 0.37300288677215576, 0.3620586395263672, 0.3382115364074707, 0.36234772205352783, 0.33704525232315063, 0.3568698763847351, 0.35906141996383667, 0.38451844453811646, 0.3817179203033447, 0.4038521647453308, 0.35598474740982056, 0.3554731607437134, 0.37146854400634766, 0.39478814601898193, 0.34003645181655884, 0.34293317794799805, 0.35474729537963867, 0.34781157970428467, 0.3385883569717407, 0.361416757106781, 0.3732863664627075, 0.34302282333374023, 0.36364638805389404, 0.3912276029586792, 0.40033435821533203, 0.3470293879508972, 0.33820998668670654, 0.34428393840789795, 0.35220789909362793, 0.37205982208251953], [0.12068188190460205, 0.059871017932891846, 0.0, 0.06658416986465454, 0.11681360006332397, 0.17740190029144287, 0.190052330493927, 0.23722821474075317, 0.25700807571411133, 0.2992444634437561, 0.2843403220176697, 0.2719842791557312, 0.24921858310699463, 0.2733142375946045, 0.24974191188812256, 0.26935386657714844, 0.2722631096839905, 0.30014568567276, 0.2983146905899048, 0.32184356451034546, 0.2727837562561035, 0.2745148539543152, 0.2905099391937256, 0.31348955631256104, 0.26411867141723633, 0.26591551303863525, 0.2765614986419678, 0.2722488045692444, 0.26486265659332275, 0.28291964530944824, 0.2942424416542053, 0.2700095772743225, 0.2861441969871521, 0.31286436319351196, 0.3218676447868347, 0.27744197845458984, 0.2702409625053406, 0.27701830863952637, 0.281208336353302, 0.2985224723815918], [0.2159104347229004, 0.14693564176559448, 0.06658416986465454, 0.0, 0.04396098852157593, 0.09176462888717651, 0.10583233833312988, 0.15236932039260864, 0.17183327674865723, 0.22058391571044922, 0.2004544734954834, 0.19209372997283936, 0.17206025123596191, 0.1975536346435547, 0.18060970306396484, 0.19689613580703735, 0.20178639888763428, 0.23166358470916748, 0.2318476438522339, 0.2541642189025879, 0.20893818140029907, 0.2141953706741333, 0.23014789819717407, 0.2518215775489807, 0.21209734678268433, 0.21437257528305054, 0.2207222580909729, 0.22184062004089355, 0.21676748991012573, 0.2271214723587036, 0.2366238236427307, 0.22150933742523193, 0.23303276300430298, 0.25369924306869507, 0.26387476921081543, 0.232469379901886, 0.22811776399612427, 0.2350180745124817, 0.23609232902526855, 0.24844717979431152], [0.27828067541122437, 0.20883411169052124, 0.11681360006332397, 0.04396098852157593, 0.0, 0.04648137092590332, 0.05442100763320923, 0.09002625942230225, 0.10548317432403564, 0.15228062868118286, 0.1344592571258545, 0.1266503930091858, 0.11771363019943237, 0.13593852519989014, 0.12875264883041382, 0.14170771837234497, 0.1459815502166748, 0.16911888122558594, 0.17165535688400269, 0.1906440258026123, 0.16250741481781006, 0.16971033811569214, 0.18043601512908936, 0.1962578296661377, 0.17893284559249878, 0.17910432815551758, 0.18229228258132935, 0.18543660640716553, 0.18446487188339233, 0.18804430961608887, 0.190180242061615, 0.18643683195114136, 0.19050413370132446, 0.20388847589492798, 0.2122107744216919, 0.2005840539932251, 0.201867938041687, 0.20858430862426758, 0.20296597480773926, 0.21151500940322876], [0.3345462679862976, 0.2700883746147156, 0.17740190029144287, 0.09176462888717651, 0.04648137092590332, 0.0, 0.037161171436309814, 0.04996824264526367, 0.05918264389038086, 0.09702527523040771, 0.08280175924301147, 0.09094083309173584, 0.10059237480163574, 0.10232424736022949, 0.1163368821144104, 0.12036991119384766, 0.12296849489212036, 0.13615119457244873, 0.1437380313873291, 0.15767961740493774, 0.1532595157623291, 0.16342341899871826, 0.16653263568878174, 0.17352068424224854, 0.18460458517074585, 0.1854846477508545, 0.18180125951766968, 0.1888766884803772, 0.19378864765167236, 0.1855112910270691, 0.18324267864227295, 0.19137531518936157, 0.1873815655708313, 0.19089561700820923, 0.19555115699768066, 0.2096065878868103, 0.21545463800430298, 0.22224825620651245, 0.20976829528808594, 0.21307963132858276], [0.34507453441619873, 0.2819623351097107, 0.190052330493927, 0.10583233833312988, 0.05442100763320923, 0.037161171436309814, 0.0, 0.04497593641281128, 0.05567580461502075, 0.0890573263168335, 0.07299566268920898, 0.07356119155883789, 0.08182907104492188, 0.0877540111541748, 0.09429121017456055, 0.10261386632919312, 0.10411489009857178, 0.11719286441802979, 0.12227219343185425, 0.134723961353302, 0.13265424966812134, 0.14384329319000244, 0.14471954107284546, 0.1534162163734436, 0.1644752025604248, 0.16580134630203247, 0.16244500875473022, 0.1710452437400818, 0.17299532890319824, 0.16703897714614868, 0.16254043579101562, 0.16936123371124268, 0.1663820743560791, 0.17083430290222168, 0.1748315691947937, 0.18775933980941772, 0.1957615613937378, 0.2026708722114563, 0.1893235445022583, 0.1919841170310974], [0.38861924409866333, 0.32821768522262573, 0.23722821474075317, 0.15236932039260864, 0.09002625942230225, 0.04996824264526367, 0.04497593641281128, 0.0, 0.03469419479370117, 0.051320433616638184, 0.044917941093444824, 0.053855061531066895, 0.07987314462661743, 0.06763458251953125, 0.09306579828262329, 0.09039819240570068, 0.09190607070922852, 0.09024667739868164, 0.1008681058883667, 0.10912591218948364, 0.13292783498764038, 0.1441473364830017, 0.13462799787521362, 0.13137030601501465, 0.1792735457420349, 0.17739981412887573, 0.16745692491531372, 0.17707401514053345, 0.1873171329498291, 0.16957902908325195, 0.15919804573059082, 0.17966502904891968, 0.16581463813781738, 0.16153520345687866, 0.16149383783340454, 0.20198917388916016, 0.21444690227508545, 0.22228467464447021, 0.2007671594619751, 0.19823330640792847], [0.40749526023864746, 0.34845155477523804, 0.25700807571411133, 0.17183327674865723, 0.10548317432403564, 0.05918264389038086, 0.05567580461502075, 0.03469419479370117, 0.0, 0.04826110601425171, 0.03837615251541138, 0.048581480979919434, 0.07333928346633911, 0.05904167890548706, 0.08859634399414062, 0.0825655460357666, 0.08223408460617065, 0.0814065933227539, 0.08963268995285034, 0.09729671478271484, 0.12428462505340576, 0.13643920421600342, 0.12448453903198242, 0.11938858032226562, 0.17419731616973877, 0.17256909608840942, 0.16002070903778076, 0.17068088054656982, 0.1832500696182251, 0.16217589378356934, 0.15151077508926392, 0.17573916912078857, 0.15936124324798584, 0.15027356147766113, 0.15074580907821655, 0.19907093048095703, 0.21303504705429077, 0.22008204460144043, 0.19637465476989746, 0.1916373372077942], [0.4389722943305969, 0.3852367401123047, 0.2992444634437561, 0.22058391571044922, 0.15228062868118286, 0.09702527523040771, 0.0890573263168335, 0.051320433616638184, 0.04826110601425171, 0.0, 0.04545408487319946, 0.06124073266983032, 0.10568022727966309, 0.07460182905197144, 0.11290770769119263, 0.10195738077163696, 0.1033395528793335, 0.0880008339881897, 0.10159057378768921, 0.10369586944580078, 0.1548174023628235, 0.1673116683959961, 0.14499115943908691, 0.13192963600158691, 0.2136635184288025, 0.20926254987716675, 0.1922091841697693, 0.20355987548828125, 0.21956461668014526, 0.19235163927078247, 0.1776220202445984, 0.20719468593597412, 0.18672525882720947, 0.17384803295135498, 0.16964006423950195, 0.23379600048065186, 0.25026047229766846, 0.2592312693595886, 0.22830480337142944, 0.22228378057479858], [0.42896944284439087, 0.37300288677215576, 0.2843403220176697, 0.2004544734954834, 0.1344592571258545, 0.08280175924301147, 0.07299566268920898, 0.044917941093444824, 0.03837615251541138, 0.04545408487319946, 0.0, 0.045279085636138916, 0.07308107614517212, 0.054114460945129395, 0.08568459749221802, 0.07563763856887817, 0.07473057508468628, 0.07054787874221802, 0.08139592409133911, 0.08565235137939453, 0.11849808692932129, 0.131117582321167, 0.11652791500091553, 0.1071547269821167, 0.17323946952819824, 0.1714634895324707, 0.15561926364898682, 0.16863566637039185, 0.18368130922317505, 0.156261146068573, 0.14460188150405884, 0.17472708225250244, 0.15587455034255981, 0.1422194242477417, 0.14062559604644775, 0.20024949312210083, 0.21442073583602905, 0.22209155559539795, 0.19539207220077515, 0.18908774852752686], [0.41912996768951416, 0.3620586395263672, 0.2719842791557312, 0.19209372997283936, 0.1266503930091858, 0.09094083309173584, 0.07356119155883789, 0.053855061531066895, 0.048581480979919434, 0.06124073266983032, 0.045279085636138916, 0.0, 0.04816710948944092, 0.03853178024291992, 0.05450582504272461, 0.050179243087768555, 0.05055660009384155, 0.04892575740814209, 0.05599498748779297, 0.06239879131317139, 0.08550655841827393, 0.09506005048751831, 0.08342039585113525, 0.07976192235946655, 0.13693010807037354, 0.1340540647506714, 0.12035274505615234, 0.13200217485427856, 0.14588099718093872, 0.12214332818984985, 0.11022365093231201, 0.1386926770210266, 0.11977797746658325, 0.10846829414367676, 0.10816502571105957, 0.16170865297317505, 0.17714601755142212, 0.18519824743270874, 0.15839648246765137, 0.1530051827430725], [0.39836984872817993, 0.3382115364074707, 0.24921858310699463, 0.17206025123596191, 0.11771363019943237, 0.10059237480163574, 0.08182907104492188, 0.07987314462661743, 0.07333928346633911, 0.10568022727966309, 0.07308107614517212, 0.04816710948944092, 0.0, 0.04400104284286499, 0.03645920753479004, 0.039912521839141846, 0.04150909185409546, 0.05562955141067505, 0.05447942018508911, 0.06721240282058716, 0.05203443765640259, 0.059510886669158936, 0.0606003999710083, 0.06629413366317749, 0.08900314569473267, 0.08779937028884888, 0.07978612184524536, 0.09001904726028442, 0.10105615854263306, 0.08410531282424927, 0.078743577003479, 0.09775286912918091, 0.08826744556427002, 0.08241021633148193, 0.08636897802352905, 0.1184995174407959, 0.13035237789154053, 0.13662070035934448, 0.11822837591171265, 0.11351132392883301], [0.42051345109939575, 0.36234772205352783, 0.2733142375946045, 0.1975536346435547, 0.13593852519989014, 0.10232424736022949, 0.0877540111541748, 0.06763458251953125, 0.05904167890548706, 0.07460182905197144, 0.054114460945129395, 0.03853178024291992, 0.04400104284286499, 0.0, 0.047971367835998535, 0.042376935482025146, 0.041907548904418945, 0.0442352294921875, 0.05111873149871826, 0.05782133340835571, 0.06960946321487427, 0.07925784587860107, 0.06838911771774292, 0.06418955326080322, 0.12097346782684326, 0.11732572317123413, 0.10241198539733887, 0.11453628540039062, 0.12910807132720947, 0.10380172729492188, 0.09240835905075073, 0.12229025363922119, 0.10516387224197388, 0.0924336314201355, 0.09218281507492065, 0.14796853065490723, 0.16212016344070435, 0.16961658000946045, 0.1436927318572998, 0.13650864362716675], [0.39692550897598267, 0.33704525232315063, 0.24974191188812256, 0.18060970306396484, 0.12875264883041382, 0.1163368821144104, 0.09429121017456055, 0.09306579828262329, 0.08859634399414062, 0.11290770769119263, 0.08568459749221802, 0.05450582504272461, 0.03645920753479004, 0.047971367835998535, 0.0, 0.03859037160873413, 0.04031246900558472, 0.052799999713897705, 0.05082911252975464, 0.0607638955116272, 0.045251309871673584, 0.051115453243255615, 0.05035984516143799, 0.057423949241638184, 0.08004945516586304, 0.07776117324829102, 0.06811994314193726, 0.07875728607177734, 0.08663105964660645, 0.07107537984848022, 0.0657263994216919, 0.08324581384658813, 0.0734332799911499, 0.07090204954147339, 0.07143431901931763, 0.10424095392227173, 0.11571353673934937, 0.12259078025817871, 0.10240727663040161, 0.09755998849868774], [0.41510170698165894, 0.3568698763847351, 0.26935386657714844, 0.19689613580703735, 0.14170771837234497, 0.12036991119384766, 0.10261386632919312, 0.09039819240570068, 0.0825655460357666, 0.10195738077163696, 0.07563763856887817, 0.050179243087768555, 0.039912521839141846, 0.042376935482025146, 0.03859037160873413, 0.0, 0.03661400079727173, 0.04461461305618286, 0.048063457012176514, 0.05676007270812988, 0.050970494747161865, 0.05552852153778076, 0.05190849304199219, 0.05105048418045044, 0.09202778339385986, 0.08964115381240845, 0.07478368282318115, 0.08709633350372314, 0.10208576917648315, 0.0780707597732544, 0.07007557153701782, 0.09691488742828369, 0.08485698699951172, 0.07333463430404663, 0.07339680194854736, 0.1221504807472229, 0.13356173038482666, 0.13962924480438232, 0.1161872148513794, 0.10914289951324463], [0.41709816455841064, 0.35906141996383667, 0.2722631096839905, 0.20178639888763428, 0.1459815502166748, 0.12296849489212036, 0.10411489009857178, 0.09190607070922852, 0.08223408460617065, 0.1033395528793335, 0.07473057508468628, 0.05055660009384155, 0.04150909185409546, 0.041907548904418945, 0.04031246900558472, 0.03661400079727173, 0.0, 0.04154801368713379, 0.044756293296813965, 0.05500912666320801, 0.0494462251663208, 0.054888248443603516, 0.04919135570526123, 0.04905134439468384, 0.09019434452056885, 0.08741295337677002, 0.07489216327667236, 0.08440285921096802, 0.09966200590133667, 0.07649898529052734, 0.06794410943984985, 0.0961751937866211, 0.08130884170532227, 0.07115453481674194, 0.07073354721069336, 0.11981499195098877, 0.13204461336135864, 0.1378198266029358, 0.11434662342071533, 0.1066092848777771], [0.4387454390525818, 0.38451844453811646, 0.30014568567276, 0.23166358470916748, 0.16911888122558594, 0.13615119457244873, 0.11719286441802979, 0.09024667739868164, 0.0814065933227539, 0.0880008339881897, 0.07054787874221802, 0.04892575740814209, 0.05562955141067505, 0.0442352294921875, 0.052799999713897705, 0.04461461305618286, 0.04154801368713379, 0.0, 0.04111713171005249, 0.04531341791152954, 0.06760066747665405, 0.07525420188903809, 0.05730640888214111, 0.04937481880187988, 0.1236221194267273, 0.116488516330719, 0.09849578142166138, 0.10940510034561157, 0.1277085542678833, 0.09970015287399292, 0.08407127857208252, 0.1186034083366394, 0.09736043214797974, 0.08079040050506592, 0.07566308975219727, 0.14296936988830566, 0.1604827642440796, 0.1677820086479187, 0.13540416955947876, 0.1294223666191101], [0.4360031485557556, 0.3817179203033447, 0.2983146905899048, 0.2318476438522339, 0.17165535688400269, 0.1437380313873291, 0.12227219343185425, 0.1008681058883667, 0.08963268995285034, 0.10159057378768921, 0.08139592409133911, 0.05599498748779297, 0.05447942018508911, 0.05111873149871826, 0.05082911252975464, 0.048063457012176514, 0.044756293296813965, 0.04111713171005249, 0.0, 0.04096543788909912, 0.061627089977264404, 0.07337099313735962, 0.05023890733718872, 0.0484732985496521, 0.11185872554779053, 0.1078115701675415, 0.09128743410110474, 0.10154229402542114, 0.11661034822463989, 0.09103095531463623, 0.0775001049041748, 0.1056368350982666, 0.08427637815475464, 0.07151877880096436, 0.06851857900619507, 0.12632954120635986, 0.14745157957077026, 0.15317773818969727, 0.1230197548866272, 0.11595797538757324], [0.4561554789543152, 0.4038521647453308, 0.32184356451034546, 0.2541642189025879, 0.1906440258026123, 0.15767961740493774, 0.134723961353302, 0.10912591218948364, 0.09729671478271484, 0.10369586944580078, 0.08565235137939453, 0.06239879131317139, 0.06721240282058716, 0.05782133340835571, 0.0607638955116272, 0.05676007270812988, 0.05500912666320801, 0.04531341791152954, 0.04096543788909912, 0.0, 0.07391023635864258, 0.08608365058898926, 0.059498727321624756, 0.05408209562301636, 0.1285458207130432, 0.12429314851760864, 0.10291427373886108, 0.11714094877243042, 0.1308862566947937, 0.10310220718383789, 0.0876273512840271, 0.11668002605438232, 0.09449201822280884, 0.07661497592926025, 0.07231873273849487, 0.1380942463874817, 0.16219007968902588, 0.16861510276794434, 0.13498979806900024, 0.1257362961769104], [0.41298025846481323, 0.35598474740982056, 0.2727837562561035, 0.20893818140029907, 0.16250741481781006, 0.1532595157623291, 0.13265424966812134, 0.13292783498764038, 0.12428462505340576, 0.1548174023628235, 0.11849808692932129, 0.08550655841827393, 0.05203443765640259, 0.06960946321487427, 0.045251309871673584, 0.050970494747161865, 0.0494462251663208, 0.06760066747665405, 0.061627089977264404, 0.07391023635864258, 0.0, 0.03640025854110718, 0.041331708431243896, 0.05272543430328369, 0.052913665771484375, 0.05161118507385254, 0.04410088062286377, 0.05165594816207886, 0.059901535511016846, 0.047786176204681396, 0.04541182518005371, 0.062105655670166016, 0.05553019046783447, 0.05259329080581665, 0.05540257692337036, 0.08005058765411377, 0.08719909191131592, 0.09163862466812134, 0.07772797346115112, 0.07034081220626831], [0.41195374727249146, 0.3554731607437134, 0.2745148539543152, 0.2141953706741333, 0.16971033811569214, 0.16342341899871826, 0.14384329319000244, 0.1441473364830017, 0.13643920421600342, 0.1673116683959961, 0.131117582321167, 0.09506005048751831, 0.059510886669158936, 0.07925784587860107, 0.051115453243255615, 0.05552852153778076, 0.054888248443603516, 0.07525420188903809, 0.07337099313735962, 0.08608365058898926, 0.03640025854110718, 0.0, 0.0432811975479126, 0.053885459899902344, 0.05083417892456055, 0.046974897384643555, 0.04080474376678467, 0.04388171434402466, 0.05481952428817749, 0.04232233762741089, 0.040815889835357666, 0.06023591756820679, 0.055957019329071045, 0.05249077081680298, 0.05584841966629028, 0.07929372787475586, 0.08425348997116089, 0.08639311790466309, 0.07375657558441162, 0.06736969947814941], [0.42689812183380127, 0.37146854400634766, 0.2905099391937256, 0.23014789819717407, 0.18043601512908936, 0.16653263568878174, 0.14471954107284546, 0.13462799787521362, 0.12448453903198242, 0.14499115943908691, 0.11652791500091553, 0.08342039585113525, 0.0606003999710083, 0.06838911771774292, 0.05035984516143799, 0.05190849304199219, 0.04919135570526123, 0.05730640888214111, 0.05023890733718872, 0.059498727321624756, 0.041331708431243896, 0.0432811975479126, 0.0, 0.04010939598083496, 0.07070648670196533, 0.06708073616027832, 0.051325440406799316, 0.0606570839881897, 0.07147181034088135, 0.05303448438644409, 0.04518413543701172, 0.06541740894317627, 0.05387395620346069, 0.04595947265625, 0.04499918222427368, 0.08650100231170654, 0.099781334400177, 0.10513871908187866, 0.08113008737564087, 0.07195329666137695], [0.4477241635322571, 0.39478814601898193, 0.31348955631256104, 0.2518215775489807, 0.1962578296661377, 0.17352068424224854, 0.1534162163734436, 0.13137030601501465, 0.11938858032226562, 0.13192963600158691, 0.1071547269821167, 0.07976192235946655, 0.06629413366317749, 0.06418955326080322, 0.057423949241638184, 0.05105048418045044, 0.04905134439468384, 0.04937481880187988, 0.0484732985496521, 0.05408209562301636, 0.05272543430328369, 0.053885459899902344, 0.04010939598083496, 0.0, 0.09299468994140625, 0.0861743688583374, 0.06854510307312012, 0.07659626007080078, 0.09501123428344727, 0.06729620695114136, 0.05584681034088135, 0.08733510971069336, 0.06986814737319946, 0.05455374717712402, 0.05044656991958618, 0.11086887121200562, 0.12749826908111572, 0.13161706924438477, 0.10289949178695679, 0.0941881537437439], [0.39617055654525757, 0.34003645181655884, 0.26411867141723633, 0.21209734678268433, 0.17893284559249878, 0.18460458517074585, 0.1644752025604248, 0.1792735457420349, 0.17419731616973877, 0.2136635184288025, 0.17323946952819824, 0.13693010807037354, 0.08900314569473267, 0.12097346782684326, 0.08004945516586304, 0.09202778339385986, 0.09019434452056885, 0.1236221194267273, 0.11185872554779053, 0.1285458207130432, 0.052913665771484375, 0.05083417892456055, 0.07070648670196533, 0.09299468994140625, 0.0, 0.03593707084655762, 0.041395366191864014, 0.04243659973144531, 0.04093116521835327, 0.045462608337402344, 0.05384284257888794, 0.05140852928161621, 0.058977365493774414, 0.07092082500457764, 0.07932567596435547, 0.06135916709899902, 0.058759212493896484, 0.059076011180877686, 0.059997618198394775, 0.057706356048583984], [0.39940744638442993, 0.34293317794799805, 0.26591551303863525, 0.21437257528305054, 0.17910432815551758, 0.1854846477508545, 0.16580134630203247, 0.17739981412887573, 0.17256909608840942, 0.20926254987716675, 0.1714634895324707, 0.1340540647506714, 0.08779937028884888, 0.11732572317123413, 0.07776117324829102, 0.08964115381240845, 0.08741295337677002, 0.116488516330719, 0.1078115701675415, 0.12429314851760864, 0.05161118507385254, 0.046974897384643555, 0.06708073616027832, 0.0861743688583374, 0.03593707084655762, 0.0, 0.03831803798675537, 0.035028278827667236, 0.037669837474823, 0.041844725608825684, 0.05062377452850342, 0.049074649810791016, 0.05561661720275879, 0.06704801321029663, 0.07341641187667847, 0.05949205160140991, 0.0543099045753479, 0.05558210611343384, 0.05545961856842041, 0.0556490421295166], [0.4103981852531433, 0.35474729537963867, 0.2765614986419678, 0.2207222580909729, 0.18229228258132935, 0.18180125951766968, 0.16244500875473022, 0.16745692491531372, 0.16002070903778076, 0.1922091841697693, 0.15561926364898682, 0.12035274505615234, 0.07978612184524536, 0.10241198539733887, 0.06811994314193726, 0.07478368282318115, 0.07489216327667236, 0.09849578142166138, 0.09128743410110474, 0.10291427373886108, 0.04410088062286377, 0.04080474376678467, 0.051325440406799316, 0.06854510307312012, 0.041395366191864014, 0.03831803798675537, 0.0, 0.033995091915130615, 0.03936970233917236, 0.03475022315979004, 0.037100374698638916, 0.04414314031600952, 0.045556068420410156, 0.050725340843200684, 0.054776549339294434, 0.058971107006073, 0.05766451358795166, 0.05954664945602417, 0.0522882342338562, 0.04865062236785889], [0.4037137031555176, 0.34781157970428467, 0.2722488045692444, 0.22184062004089355, 0.18543660640716553, 0.1888766884803772, 0.1710452437400818, 0.17707401514053345, 0.17068088054656982, 0.20355987548828125, 0.16863566637039185, 0.13200217485427856, 0.09001904726028442, 0.11453628540039062, 0.07875728607177734, 0.08709633350372314, 0.08440285921096802, 0.10940510034561157, 0.10154229402542114, 0.11714094877243042, 0.05165594816207886, 0.04388171434402466, 0.0606570839881897, 0.07659626007080078, 0.04243659973144531, 0.035028278827667236, 0.033995091915130615, 0.0, 0.03682821989059448, 0.03728848695755005, 0.042981505393981934, 0.04489290714263916, 0.049481332302093506, 0.058528244495391846, 0.06306332349777222, 0.05707758665084839, 0.053814053535461426, 0.054703474044799805, 0.050745248794555664, 0.05107301473617554], [0.3943817615509033, 0.3385883569717407, 0.26486265659332275, 0.21676748991012573, 0.18446487188339233, 0.19378864765167236, 0.17299532890319824, 0.1873171329498291, 0.1832500696182251, 0.21956461668014526, 0.18368130922317505, 0.14588099718093872, 0.10105615854263306, 0.12910807132720947, 0.08663105964660645, 0.10208576917648315, 0.09966200590133667, 0.1277085542678833, 0.11661034822463989, 0.1308862566947937, 0.059901535511016846, 0.05481952428817749, 0.07147181034088135, 0.09501123428344727, 0.04093116521835327, 0.037669837474823, 0.03936970233917236, 0.03682821989059448, 0.0, 0.04127931594848633, 0.047942519187927246, 0.038104891777038574, 0.046592772006988525, 0.06536608934402466, 0.06981521844863892, 0.04443061351776123, 0.040038466453552246, 0.04149055480957031, 0.04154634475708008, 0.04416656494140625], [0.41607314348220825, 0.361416757106781, 0.28291964530944824, 0.2271214723587036, 0.18804430961608887, 0.1855112910270691, 0.16703897714614868, 0.16957902908325195, 0.16217589378356934, 0.19235163927078247, 0.156261146068573, 0.12214332818984985, 0.08410531282424927, 0.10380172729492188, 0.07107537984848022, 0.0780707597732544, 0.07649898529052734, 0.09970015287399292, 0.09103095531463623, 0.10310220718383789, 0.047786176204681396, 0.04232233762741089, 0.05303448438644409, 0.06729620695114136, 0.045462608337402344, 0.041844725608825684, 0.03475022315979004, 0.03728848695755005, 0.04127931594848633, 0.0, 0.03699994087219238, 0.043591201305389404, 0.042298197746276855, 0.045993268489837646, 0.049563586711883545, 0.05853086709976196, 0.0597536563873291, 0.061627328395843506, 0.05083155632019043, 0.04534369707107544], [0.4271659255027771, 0.3732863664627075, 0.2942424416542053, 0.2366238236427307, 0.190180242061615, 0.18324267864227295, 0.16254043579101562, 0.15919804573059082, 0.15151077508926392, 0.1776220202445984, 0.14460188150405884, 0.11022365093231201, 0.078743577003479, 0.09240835905075073, 0.0657263994216919, 0.07007557153701782, 0.06794410943984985, 0.08407127857208252, 0.0775001049041748, 0.0876273512840271, 0.04541182518005371, 0.040815889835357666, 0.04518413543701172, 0.05584681034088135, 0.05384284257888794, 0.05062377452850342, 0.037100374698638916, 0.042981505393981934, 0.047942519187927246, 0.03699994087219238, 0.0, 0.04779237508773804, 0.0406268835067749, 0.039576947689056396, 0.040947556495666504, 0.0627869963645935, 0.07042574882507324, 0.07203865051269531, 0.055660128593444824, 0.04836869239807129], [0.39807599782943726, 0.34302282333374023, 0.2700095772743225, 0.22150933742523193, 0.18643683195114136, 0.19137531518936157, 0.16936123371124268, 0.17966502904891968, 0.17573916912078857, 0.20719468593597412, 0.17472708225250244, 0.1386926770210266, 0.09775286912918091, 0.12229025363922119, 0.08324581384658813, 0.09691488742828369, 0.0961751937866211, 0.1186034083366394, 0.1056368350982666, 0.11668002605438232, 0.062105655670166016, 0.06023591756820679, 0.06541740894317627, 0.08733510971069336, 0.05140852928161621, 0.049074649810791016, 0.04414314031600952, 0.04489290714263916, 0.038104891777038574, 0.043591201305389404, 0.04779237508773804, 0.0, 0.03838825225830078, 0.0559689998626709, 0.06299203634262085, 0.03745877742767334, 0.044618070125579834, 0.04628884792327881, 0.039418697357177734, 0.03950077295303345], [0.41742658615112305, 0.36364638805389404, 0.2861441969871521, 0.23303276300430298, 0.19050413370132446, 0.1873815655708313, 0.1663820743560791, 0.16581463813781738, 0.15936124324798584, 0.18672525882720947, 0.15587455034255981, 0.11977797746658325, 0.08826744556427002, 0.10516387224197388, 0.0734332799911499, 0.08485698699951172, 0.08130884170532227, 0.09736043214797974, 0.08427637815475464, 0.09449201822280884, 0.05553019046783447, 0.055957019329071045, 0.05387395620346069, 0.06986814737319946, 0.058977365493774414, 0.05561661720275879, 0.045556068420410156, 0.049481332302093506, 0.046592772006988525, 0.042298197746276855, 0.0406268835067749, 0.03838825225830078, 0.0, 0.04280364513397217, 0.0463407039642334, 0.04783576726913452, 0.06054502725601196, 0.06239330768585205, 0.04511821269989014, 0.042691588401794434], [0.44350379705429077, 0.3912276029586792, 0.31286436319351196, 0.25369924306869507, 0.20388847589492798, 0.19089561700820923, 0.17083430290222168, 0.16153520345687866, 0.15027356147766113, 0.17384803295135498, 0.1422194242477417, 0.10846829414367676, 0.08241021633148193, 0.0924336314201355, 0.07090204954147339, 0.07333463430404663, 0.07115453481674194, 0.08079040050506592, 0.07151877880096436, 0.07661497592926025, 0.05259329080581665, 0.05249077081680298, 0.04595947265625, 0.05455374717712402, 0.07092082500457764, 0.06704801321029663, 0.050725340843200684, 0.058528244495391846, 0.06536608934402466, 0.045993268489837646, 0.039576947689056396, 0.0559689998626709, 0.04280364513397217, 0.0, 0.03600490093231201, 0.06764894723892212, 0.08458632230758667, 0.08665198087692261, 0.06312394142150879, 0.05413246154785156], [0.45170849561691284, 0.40033435821533203, 0.3218676447868347, 0.26387476921081543, 0.2122107744216919, 0.19555115699768066, 0.1748315691947937, 0.16149383783340454, 0.15074580907821655, 0.16964006423950195, 0.14062559604644775, 0.10816502571105957, 0.08636897802352905, 0.09218281507492065, 0.07143431901931763, 0.07339680194854736, 0.07073354721069336, 0.07566308975219727, 0.06851857900619507, 0.07231873273849487, 0.05540257692337036, 0.05584841966629028, 0.04499918222427368, 0.05044656991958618, 0.07932567596435547, 0.07341641187667847, 0.054776549339294434, 0.06306332349777222, 0.06981521844863892, 0.049563586711883545, 0.040947556495666504, 0.06299203634262085, 0.0463407039642334, 0.03600490093231201, 0.0, 0.07635766267776489, 0.09184640645980835, 0.09465336799621582, 0.06703704595565796, 0.05808734893798828], [0.39991939067840576, 0.3470293879508972, 0.27744197845458984, 0.232469379901886, 0.2005840539932251, 0.2096065878868103, 0.18775933980941772, 0.20198917388916016, 0.19907093048095703, 0.23379600048065186, 0.20024949312210083, 0.16170865297317505, 0.1184995174407959, 0.14796853065490723, 0.10424095392227173, 0.1221504807472229, 0.11981499195098877, 0.14296936988830566, 0.12632954120635986, 0.1380942463874817, 0.08005058765411377, 0.07929372787475586, 0.08650100231170654, 0.11086887121200562, 0.06135916709899902, 0.05949205160140991, 0.058971107006073, 0.05707758665084839, 0.04443061351776123, 0.05853086709976196, 0.0627869963645935, 0.03745877742767334, 0.04783576726913452, 0.06764894723892212, 0.07635766267776489, 0.0, 0.04023289680480957, 0.04099857807159424, 0.03819459676742554, 0.042385756969451904], [0.3915013074874878, 0.33820998668670654, 0.2702409625053406, 0.22811776399612427, 0.201867938041687, 0.21545463800430298, 0.1957615613937378, 0.21444690227508545, 0.21303504705429077, 0.25026047229766846, 0.21442073583602905, 0.17714601755142212, 0.13035237789154053, 0.16212016344070435, 0.11571353673934937, 0.13356173038482666, 0.13204461336135864, 0.1604827642440796, 0.14745157957077026, 0.16219007968902588, 0.08719909191131592, 0.08425348997116089, 0.099781334400177, 0.12749826908111572, 0.058759212493896484, 0.0543099045753479, 0.05766451358795166, 0.053814053535461426, 0.040038466453552246, 0.0597536563873291, 0.07042574882507324, 0.044618070125579834, 0.06054502725601196, 0.08458632230758667, 0.09184640645980835, 0.04023289680480957, 0.0, 0.03163778781890869, 0.03946572542190552, 0.048277199268341064], [0.3963945508003235, 0.34428393840789795, 0.27701830863952637, 0.2350180745124817, 0.20858430862426758, 0.22224825620651245, 0.2026708722114563, 0.22228467464447021, 0.22008204460144043, 0.2592312693595886, 0.22209155559539795, 0.18519824743270874, 0.13662070035934448, 0.16961658000946045, 0.12259078025817871, 0.13962924480438232, 0.1378198266029358, 0.1677820086479187, 0.15317773818969727, 0.16861510276794434, 0.09163862466812134, 0.08639311790466309, 0.10513871908187866, 0.13161706924438477, 0.059076011180877686, 0.05558210611343384, 0.05954664945602417, 0.054703474044799805, 0.04149055480957031, 0.061627328395843506, 0.07203865051269531, 0.04628884792327881, 0.06239330768585205, 0.08665198087692261, 0.09465336799621582, 0.04099857807159424, 0.03163778781890869, 0.0, 0.04125106334686279, 0.048295438289642334], [0.4054061770439148, 0.35220789909362793, 0.281208336353302, 0.23609232902526855, 0.20296597480773926, 0.20976829528808594, 0.1893235445022583, 0.2007671594619751, 0.19637465476989746, 0.22830480337142944, 0.19539207220077515, 0.15839648246765137, 0.11822837591171265, 0.1436927318572998, 0.10240727663040161, 0.1161872148513794, 0.11434662342071533, 0.13540416955947876, 0.1230197548866272, 0.13498979806900024, 0.07772797346115112, 0.07375657558441162, 0.08113008737564087, 0.10289949178695679, 0.059997618198394775, 0.05545961856842041, 0.0522882342338562, 0.050745248794555664, 0.04154634475708008, 0.05083155632019043, 0.055660128593444824, 0.039418697357177734, 0.04511821269989014, 0.06312394142150879, 0.06703704595565796, 0.03819459676742554, 0.03946572542190552, 0.04125106334686279, 0.0, 0.03811377286911011], [0.4247061014175415, 0.37205982208251953, 0.2985224723815918, 0.24844717979431152, 0.21151500940322876, 0.21307963132858276, 0.1919841170310974, 0.19823330640792847, 0.1916373372077942, 0.22228378057479858, 0.18908774852752686, 0.1530051827430725, 0.11351132392883301, 0.13650864362716675, 0.09755998849868774, 0.10914289951324463, 0.1066092848777771, 0.1294223666191101, 0.11595797538757324, 0.1257362961769104, 0.07034081220626831, 0.06736969947814941, 0.07195329666137695, 0.0941881537437439, 0.057706356048583984, 0.0556490421295166, 0.04865062236785889, 0.05107301473617554, 0.04416656494140625, 0.04534369707107544, 0.04836869239807129, 0.03950077295303345, 0.042691588401794434, 0.05413246154785156, 0.05808734893798828, 0.042385756969451904, 0.048277199268341064, 0.048295438289642334, 0.03811377286911011, 0.0]], "losses": [2.9405133724212646, 2.6437337398529053, 2.7689802646636963, 2.7255890369415283, 2.4515380859375, 2.583004951477051, 2.5886712074279785, 2.5623667240142822, 2.554967164993286, 2.5918076038360596, 2.56480073928833, 2.5456905364990234, 2.5391037464141846, 2.5286500453948975, 2.521164655685425, 2.5312042236328125, 2.5408711433410645, 2.461658000946045, 2.5397872924804688, 2.497344732284546, 2.5231168270111084, 2.455432176589966, 2.49428653717041, 2.525867462158203, 2.498910665512085, 2.546705484390259, 2.468533515930176, 2.445518732070923, 2.5341603755950928, 2.4551260471343994, 2.4315967559814453, 2.31557035446167, 2.499492645263672, 2.5088658332824707, 2.5178210735321045, 2.4499735832214355, 2.4889416694641113, 2.4513230323791504, 2.4638612270355225, 2.527660608291626], "div_coeff_mu": 0.13890274342818137, "div_coeff_var": 0.10118137595368636, "num_tasks": 40, "eval_loss": 2.4047256469726563}