{"distance_matrix": [[0.0, 0.04411137104034424, 0.11661207675933838, 0.20546454191207886, 0.27942991256713867, 0.322096049785614, 0.35243141651153564, 0.3804553151130676, 0.39374440908432007, 0.4149922728538513, 0.4239848256111145, 0.4066123962402344, 0.42599397897720337, 0.4158443212509155, 0.421217143535614, 0.40810495615005493, 0.41145825386047363, 0.42108142375946045, 0.4205666184425354, 0.4240649938583374, 0.4040462374687195, 0.4143127202987671, 0.4079003930091858, 0.40698879957199097, 0.4050567150115967, 0.41988396644592285, 0.4093785881996155, 0.42196518182754517, 0.409884512424469, 0.42520540952682495, 0.4087318778038025, 0.43067097663879395, 0.4210820198059082, 0.42656826972961426, 0.44719988107681274, 0.43433672189712524, 0.41969549655914307, 0.4302215576171875, 0.42762720584869385, 0.43268871307373047], [0.04411137104034424, 0.0, 0.057420969009399414, 0.1357208490371704, 0.21283113956451416, 0.2571779489517212, 0.289009153842926, 0.31987035274505615, 0.3346060514450073, 0.3574947118759155, 0.3691396117210388, 0.3480784296989441, 0.36976301670074463, 0.35886120796203613, 0.3654148578643799, 0.3510839343070984, 0.3526478409767151, 0.36336714029312134, 0.3626817464828491, 0.3670845627784729, 0.34500426054000854, 0.3568671941757202, 0.35105639696121216, 0.3492896556854248, 0.34732407331466675, 0.3646917939186096, 0.353554904460907, 0.3666750192642212, 0.35388505458831787, 0.3700906038284302, 0.35272926092147827, 0.3766469359397888, 0.3661346435546875, 0.3721795082092285, 0.39517349004745483, 0.3818398118019104, 0.36720985174179077, 0.3781048655509949, 0.3757808804512024, 0.3804858326911926], [0.11661207675933838, 0.057420969009399414, 0.0, 0.05774998664855957, 0.12472456693649292, 0.1714768409729004, 0.2064213752746582, 0.23590904474258423, 0.25320786237716675, 0.27893006801605225, 0.29387062788009644, 0.26976579427719116, 0.2937694787979126, 0.2832643389701843, 0.2919948101043701, 0.2775663137435913, 0.27669715881347656, 0.2887551784515381, 0.2883566617965698, 0.293356716632843, 0.27159541845321655, 0.2851770520210266, 0.27952688932418823, 0.27848196029663086, 0.27691739797592163, 0.29601234197616577, 0.28440219163894653, 0.2988286018371582, 0.2851365804672241, 0.30232149362564087, 0.2869431972503662, 0.30992990732192993, 0.3002833127975464, 0.3072569966316223, 0.32982558012008667, 0.317375123500824, 0.3041570782661438, 0.31529414653778076, 0.31249451637268066, 0.3173966407775879], [0.20546454191207886, 0.1357208490371704, 0.05774998664855957, 0.0, 0.05052292346954346, 0.08441334962844849, 0.11477053165435791, 0.14508509635925293, 0.16253268718719482, 0.18975502252578735, 0.20890015363693237, 0.18506354093551636, 0.21218925714492798, 0.20259779691696167, 0.21311700344085693, 0.2024499773979187, 0.2012031078338623, 0.21384596824645996, 0.2144678235054016, 0.22093921899795532, 0.20318549871444702, 0.21793794631958008, 0.21480298042297363, 0.21414268016815186, 0.21419823169708252, 0.23071712255477905, 0.22439312934875488, 0.23486149311065674, 0.22355341911315918, 0.24052149057388306, 0.23063939809799194, 0.2485014796257019, 0.24180757999420166, 0.24836349487304688, 0.2666466236114502, 0.2589834928512573, 0.25046753883361816, 0.25945258140563965, 0.2594894766807556, 0.2600865960121155], [0.27942991256713867, 0.21283113956451416, 0.12472456693649292, 0.05052292346954346, 0.0, 0.04006236791610718, 0.06268841028213501, 0.08033090829849243, 0.09782284498214722, 0.12458544969558716, 0.14470547437667847, 0.12834841012954712, 0.1540672779083252, 0.15152502059936523, 0.16218626499176025, 0.15944308042526245, 0.15885627269744873, 0.16693449020385742, 0.1708713173866272, 0.17624634504318237, 0.167827308177948, 0.1818065643310547, 0.1823350191116333, 0.18310457468032837, 0.18428099155426025, 0.1969681978225708, 0.19647544622421265, 0.2030106782913208, 0.19524425268173218, 0.2088932991027832, 0.20884662866592407, 0.2159690260887146, 0.21407556533813477, 0.22029602527618408, 0.23123830556869507, 0.22843676805496216, 0.22754472494125366, 0.23326247930526733, 0.2344105839729309, 0.23198586702346802], [0.322096049785614, 0.2571779489517212, 0.1714768409729004, 0.08441334962844849, 0.04006236791610718, 0.0, 0.03332716226577759, 0.05304563045501709, 0.06432151794433594, 0.08358955383300781, 0.10320836305618286, 0.09117287397384644, 0.11590194702148438, 0.1149337887763977, 0.12491536140441895, 0.1267349123954773, 0.12929725646972656, 0.1372961401939392, 0.14255750179290771, 0.14787620306015015, 0.14403903484344482, 0.15862762928009033, 0.16293787956237793, 0.1627638339996338, 0.16665905714035034, 0.17254215478897095, 0.17679601907730103, 0.17782318592071533, 0.17400068044662476, 0.18866181373596191, 0.19169366359710693, 0.19460725784301758, 0.1940973401069641, 0.199812114238739, 0.20537704229354858, 0.2067529559135437, 0.21060681343078613, 0.21333163976669312, 0.21828609704971313, 0.21006864309310913], [0.35243141651153564, 0.289009153842926, 0.2064213752746582, 0.11477053165435791, 0.06268841028213501, 0.03332716226577759, 0.0, 0.041792333126068115, 0.05008178949356079, 0.06158304214477539, 0.08043050765991211, 0.0686190128326416, 0.0918073058128357, 0.089083731174469, 0.09933638572692871, 0.10570526123046875, 0.11007994413375854, 0.11614376306533813, 0.12276309728622437, 0.1281435489654541, 0.12760299444198608, 0.14280283451080322, 0.14616143703460693, 0.14760547876358032, 0.15285193920135498, 0.15516877174377441, 0.16090267896652222, 0.1596863865852356, 0.15969717502593994, 0.17281615734100342, 0.17933934926986694, 0.17764067649841309, 0.17907482385635376, 0.18533408641815186, 0.18634653091430664, 0.191118061542511, 0.19858527183532715, 0.19775640964508057, 0.20467853546142578, 0.1934935450553894], [0.3804553151130676, 0.31987035274505615, 0.23590904474258423, 0.14508509635925293, 0.08033090829849243, 0.05304563045501709, 0.041792333126068115, 0.0, 0.03272277116775513, 0.04586273431777954, 0.054490625858306885, 0.05371016263961792, 0.06646990776062012, 0.0770573616027832, 0.08215963840484619, 0.09362637996673584, 0.09670555591583252, 0.09318196773529053, 0.10100668668746948, 0.1048285961151123, 0.11674797534942627, 0.12540602684020996, 0.1338987946510315, 0.13716262578964233, 0.14178329706192017, 0.1416689157485962, 0.15259569883346558, 0.14784175157546997, 0.15167313814163208, 0.1585124135017395, 0.1748775839805603, 0.16385984420776367, 0.16877835988998413, 0.17213010787963867, 0.16585969924926758, 0.17466223239898682, 0.19044387340545654, 0.1873912215232849, 0.19027352333068848, 0.17934024333953857], [0.39374440908432007, 0.3346060514450073, 0.25320786237716675, 0.16253268718719482, 0.09782284498214722, 0.06432151794433594, 0.05008178949356079, 0.03272277116775513, 0.0, 0.03982633352279663, 0.04335528612136841, 0.04966038465499878, 0.05922216176986694, 0.0724029541015625, 0.07655656337738037, 0.09112894535064697, 0.09399515390396118, 0.08880853652954102, 0.09868210554122925, 0.0998537540435791, 0.11325162649154663, 0.12329047918319702, 0.13377916812896729, 0.13714873790740967, 0.14375662803649902, 0.14019811153411865, 0.15339624881744385, 0.1449376940727234, 0.15145480632781982, 0.15690892934799194, 0.17659622430801392, 0.16155391931533813, 0.16792172193527222, 0.17022931575775146, 0.16146665811538696, 0.17272311449050903, 0.19112926721572876, 0.18766683340072632, 0.1917964220046997, 0.17667877674102783], [0.4149922728538513, 0.3574947118759155, 0.27893006801605225, 0.18975502252578735, 0.12458544969558716, 0.08358955383300781, 0.06158304214477539, 0.04586273431777954, 0.03982633352279663, 0.0, 0.03906679153442383, 0.04247128963470459, 0.04794186353683472, 0.05993330478668213, 0.06013369560241699, 0.07763904333114624, 0.08382385969161987, 0.07895982265472412, 0.08866405487060547, 0.09056609869003296, 0.10833740234375, 0.11651098728179932, 0.13069909811019897, 0.1318432092666626, 0.1395944356918335, 0.12979769706726074, 0.14671474695205688, 0.13380354642868042, 0.14555466175079346, 0.15044540166854858, 0.17169350385665894, 0.15337836742401123, 0.1610957384109497, 0.16406947374343872, 0.15145695209503174, 0.1635061502456665, 0.18621236085891724, 0.17885059118270874, 0.18574154376983643, 0.16676217317581177], [0.4239848256111145, 0.3691396117210388, 0.29387062788009644, 0.20890015363693237, 0.14470547437667847, 0.10320836305618286, 0.08043050765991211, 0.054490625858306885, 0.04335528612136841, 0.03906679153442383, 0.0, 0.04582655429840088, 0.04481881856918335, 0.06235790252685547, 0.06277424097061157, 0.08188271522521973, 0.08961313962936401, 0.07700502872467041, 0.08989161252975464, 0.0888623595237732, 0.11141562461853027, 0.1186988353729248, 0.13399261236190796, 0.1368558406829834, 0.14544528722763062, 0.13208210468292236, 0.15242934226989746, 0.13634443283081055, 0.15045738220214844, 0.15314245223999023, 0.1797652244567871, 0.15643906593322754, 0.16429626941680908, 0.1671527624130249, 0.15001004934310913, 0.16570919752120972, 0.1916351318359375, 0.18398523330688477, 0.18856829404830933, 0.167591392993927], [0.4066123962402344, 0.3480784296989441, 0.26976579427719116, 0.18506354093551636, 0.12834841012954712, 0.09117287397384644, 0.0686190128326416, 0.05371016263961792, 0.04966038465499878, 0.04247128963470459, 0.04582655429840088, 0.0, 0.036089420318603516, 0.039140522480010986, 0.04095959663391113, 0.0506434440612793, 0.055490076541900635, 0.05319947004318237, 0.06091529130935669, 0.06175386905670166, 0.07529926300048828, 0.08420461416244507, 0.0930933952331543, 0.0949828028678894, 0.1060071587562561, 0.09316658973693848, 0.10858362913131714, 0.09818482398986816, 0.1082410216331482, 0.11351966857910156, 0.1323898434638977, 0.11707741022109985, 0.1250419020652771, 0.12705183029174805, 0.117398202419281, 0.12758409976959229, 0.14766699075698853, 0.14195507764816284, 0.14827853441238403, 0.132837176322937], [0.42599397897720337, 0.36976301670074463, 0.2937694787979126, 0.21218925714492798, 0.1540672779083252, 0.11590194702148438, 0.0918073058128357, 0.06646990776062012, 0.05922216176986694, 0.04794186353683472, 0.04481881856918335, 0.036089420318603516, 0.0, 0.040474116802215576, 0.038160622119903564, 0.051861584186553955, 0.05873870849609375, 0.0496554970741272, 0.05732262134552002, 0.057318806648254395, 0.07848125696182251, 0.0842246413230896, 0.09552896022796631, 0.09792667627334595, 0.10962647199630737, 0.09383106231689453, 0.11112689971923828, 0.09727156162261963, 0.11180907487869263, 0.1136135458946228, 0.13864189386367798, 0.11548483371734619, 0.1265154480934143, 0.12681907415390015, 0.11126995086669922, 0.12425529956817627, 0.15177702903747559, 0.14309346675872803, 0.14736950397491455, 0.1298627257347107], [0.4158443212509155, 0.35886120796203613, 0.2832643389701843, 0.20259779691696167, 0.15152502059936523, 0.1149337887763977, 0.089083731174469, 0.0770573616027832, 0.0724029541015625, 0.05993330478668213, 0.06235790252685547, 0.039140522480010986, 0.040474116802215576, 0.0, 0.03612470626831055, 0.03967767953872681, 0.048130571842193604, 0.04595595598220825, 0.05068325996398926, 0.05215191841125488, 0.06348693370819092, 0.06989037990570068, 0.07558298110961914, 0.07863134145736694, 0.08980518579483032, 0.0741192102432251, 0.08871835470199585, 0.0754055380821228, 0.08936887979507446, 0.09429693222045898, 0.11340963840484619, 0.09538006782531738, 0.10490435361862183, 0.10557466745376587, 0.09556913375854492, 0.10657304525375366, 0.1260501742362976, 0.11903762817382812, 0.12744617462158203, 0.11043179035186768], [0.421217143535614, 0.3654148578643799, 0.2919948101043701, 0.21311700344085693, 0.16218626499176025, 0.12491536140441895, 0.09933638572692871, 0.08215963840484619, 0.07655656337738037, 0.06013369560241699, 0.06277424097061157, 0.04095959663391113, 0.038160622119903564, 0.03612470626831055, 0.0, 0.038345158100128174, 0.04485046863555908, 0.04199349880218506, 0.04777401685714722, 0.048756182193756104, 0.06328243017196655, 0.06705135107040405, 0.07689744234085083, 0.07665061950683594, 0.08902007341384888, 0.07244575023651123, 0.08841079473495483, 0.0756450891494751, 0.08867710828781128, 0.09226912260055542, 0.11437022686004639, 0.09416031837463379, 0.1027105450630188, 0.10555803775787354, 0.09191954135894775, 0.10433834791183472, 0.12664693593978882, 0.11614078283309937, 0.1256127953529358, 0.10817331075668335], [0.40810495615005493, 0.3510839343070984, 0.2775663137435913, 0.2024499773979187, 0.15944308042526245, 0.1267349123954773, 0.10570526123046875, 0.09362637996673584, 0.09112894535064697, 0.07763904333114624, 0.08188271522521973, 0.0506434440612793, 0.051861584186553955, 0.03967767953872681, 0.038345158100128174, 0.0, 0.03717678785324097, 0.044168055057525635, 0.04301893711090088, 0.04525405168533325, 0.04959750175476074, 0.05334961414337158, 0.059739649295806885, 0.059797585010528564, 0.06993323564529419, 0.055814146995544434, 0.06915879249572754, 0.05882585048675537, 0.06937497854232788, 0.07449793815612793, 0.08902019262313843, 0.07738500833511353, 0.0828789472579956, 0.08483785390853882, 0.07973939180374146, 0.0863879919052124, 0.10257178544998169, 0.09589231014251709, 0.1064302921295166, 0.0927734375], [0.41145825386047363, 0.3526478409767151, 0.27669715881347656, 0.2012031078338623, 0.15885627269744873, 0.12929725646972656, 0.11007994413375854, 0.09670555591583252, 0.09399515390396118, 0.08382385969161987, 0.08961313962936401, 0.055490076541900635, 0.05873870849609375, 0.048130571842193604, 0.04485046863555908, 0.03717678785324097, 0.0, 0.039572298526763916, 0.03586822748184204, 0.04092717170715332, 0.039307236671447754, 0.04422140121459961, 0.04910159111022949, 0.050594985485076904, 0.05891293287277222, 0.0526270866394043, 0.06013774871826172, 0.05710446834564209, 0.06143563985824585, 0.06285160779953003, 0.07967346906661987, 0.06789594888687134, 0.07412177324295044, 0.0758063793182373, 0.07321435213088989, 0.0797041654586792, 0.09497952461242676, 0.08874332904815674, 0.09621608257293701, 0.08707815408706665], [0.42108142375946045, 0.36336714029312134, 0.2887551784515381, 0.21384596824645996, 0.16693449020385742, 0.1372961401939392, 0.11614376306533813, 0.09318196773529053, 0.08880853652954102, 0.07895982265472412, 0.07700502872467041, 0.05319947004318237, 0.0496554970741272, 0.04595595598220825, 0.04199349880218506, 0.044168055057525635, 0.039572298526763916, 0.0, 0.03386479616165161, 0.03597128391265869, 0.04637765884399414, 0.049993038177490234, 0.055991291999816895, 0.05806875228881836, 0.06604927778244019, 0.05883193016052246, 0.06979167461395264, 0.0622025728225708, 0.06872224807739258, 0.06818342208862305, 0.09220802783966064, 0.0718846321105957, 0.08186227083206177, 0.08138096332550049, 0.07268548011779785, 0.08405262231826782, 0.10396331548690796, 0.09676510095596313, 0.1013953685760498, 0.08843672275543213], [0.4205666184425354, 0.3626817464828491, 0.2883566617965698, 0.2144678235054016, 0.1708713173866272, 0.14255750179290771, 0.12276309728622437, 0.10100668668746948, 0.09868210554122925, 0.08866405487060547, 0.08989161252975464, 0.06091529130935669, 0.05732262134552002, 0.05068325996398926, 0.04777401685714722, 0.04301893711090088, 0.03586822748184204, 0.03386479616165161, 0.0, 0.03482764959335327, 0.040375351905822754, 0.041211485862731934, 0.04691427946090698, 0.0492100715637207, 0.056918442249298096, 0.049080073833465576, 0.0588725209236145, 0.053660452365875244, 0.058203041553497314, 0.05886906385421753, 0.07823872566223145, 0.06247657537460327, 0.07137739658355713, 0.07102829217910767, 0.06556147336959839, 0.07359862327575684, 0.09070169925689697, 0.08574217557907104, 0.08962178230285645, 0.0812332034111023], [0.4240649938583374, 0.3670845627784729, 0.293356716632843, 0.22093921899795532, 0.17624634504318237, 0.14787620306015015, 0.1281435489654541, 0.1048285961151123, 0.0998537540435791, 0.09056609869003296, 0.0888623595237732, 0.06175386905670166, 0.057318806648254395, 0.05215191841125488, 0.048756182193756104, 0.04525405168533325, 0.04092717170715332, 0.03597128391265869, 0.03482764959335327, 0.0, 0.0413702130317688, 0.04319244623184204, 0.0465470552444458, 0.04996603727340698, 0.058162808418273926, 0.04892343282699585, 0.060494840145111084, 0.05237072706222534, 0.06032294034957886, 0.05876898765563965, 0.08076369762420654, 0.061128437519073486, 0.07206273078918457, 0.07149910926818848, 0.06114763021469116, 0.0700724720954895, 0.0911184549331665, 0.08594775199890137, 0.08760267496109009, 0.07679587602615356], [0.4040462374687195, 0.34500426054000854, 0.27159541845321655, 0.20318549871444702, 0.167827308177948, 0.14403903484344482, 0.12760299444198608, 0.11674797534942627, 0.11325162649154663, 0.10833740234375, 0.11141562461853027, 0.07529926300048828, 0.07848125696182251, 0.06348693370819092, 0.06328243017196655, 0.04959750175476074, 0.039307236671447754, 0.04637765884399414, 0.040375351905822754, 0.0413702130317688, 0.0, 0.03503894805908203, 0.03605377674102783, 0.03611099720001221, 0.039785146713256836, 0.040971338748931885, 0.041187942028045654, 0.043654561042785645, 0.04284346103668213, 0.045596182346343994, 0.05477762222290039, 0.04862391948699951, 0.05193668603897095, 0.05383563041687012, 0.05748265981674194, 0.06071674823760986, 0.07132256031036377, 0.0676262378692627, 0.07100260257720947, 0.06616723537445068], [0.4143127202987671, 0.3568671941757202, 0.2851770520210266, 0.21793794631958008, 0.1818065643310547, 0.15862762928009033, 0.14280283451080322, 0.12540602684020996, 0.12329047918319702, 0.11651098728179932, 0.1186988353729248, 0.08420461416244507, 0.0842246413230896, 0.06989037990570068, 0.06705135107040405, 0.05334961414337158, 0.04422140121459961, 0.049993038177490234, 0.041211485862731934, 0.04319244623184204, 0.03503894805908203, 0.0, 0.03588283061981201, 0.03430533409118652, 0.03912210464477539, 0.0392037034034729, 0.04314422607421875, 0.04136359691619873, 0.04215240478515625, 0.04170721769332886, 0.05506777763366699, 0.046792447566986084, 0.05015134811401367, 0.050836026668548584, 0.054234445095062256, 0.05667203664779663, 0.06603884696960449, 0.06484133005142212, 0.06818258762359619, 0.0637979507446289], [0.4079003930091858, 0.35105639696121216, 0.27952688932418823, 0.21480298042297363, 0.1823350191116333, 0.16293787956237793, 0.14616143703460693, 0.1338987946510315, 0.13377916812896729, 0.13069909811019897, 0.13399261236190796, 0.0930933952331543, 0.09552896022796631, 0.07558298110961914, 0.07689744234085083, 0.059739649295806885, 0.04910159111022949, 0.055991291999816895, 0.04691427946090698, 0.0465470552444458, 0.03605377674102783, 0.03588283061981201, 0.0, 0.03291529417037964, 0.034449100494384766, 0.03833240270614624, 0.03457826375961304, 0.040350914001464844, 0.036617934703826904, 0.037653207778930664, 0.04602313041687012, 0.03927004337310791, 0.04383271932601929, 0.04400467872619629, 0.04896438121795654, 0.04862338304519653, 0.05589944124221802, 0.054315268993377686, 0.05474364757537842, 0.056677818298339844], [0.40698879957199097, 0.3492896556854248, 0.27848196029663086, 0.21414268016815186, 0.18310457468032837, 0.1627638339996338, 0.14760547876358032, 0.13716262578964233, 0.13714873790740967, 0.1318432092666626, 0.1368558406829834, 0.0949828028678894, 0.09792667627334595, 0.07863134145736694, 0.07665061950683594, 0.059797585010528564, 0.050594985485076904, 0.05806875228881836, 0.0492100715637207, 0.04996603727340698, 0.03611099720001221, 0.03430533409118652, 0.03291529417037964, 0.0, 0.033777594566345215, 0.037128746509552, 0.035130083560943604, 0.03895401954650879, 0.03491932153701782, 0.03587973117828369, 0.04211580753326416, 0.04084336757659912, 0.04186052083969116, 0.043511033058166504, 0.05271649360656738, 0.04977381229400635, 0.05413401126861572, 0.05503368377685547, 0.058064401149749756, 0.0574946403503418], [0.4050567150115967, 0.34732407331466675, 0.27691739797592163, 0.21419823169708252, 0.18428099155426025, 0.16665905714035034, 0.15285193920135498, 0.14178329706192017, 0.14375662803649902, 0.1395944356918335, 0.14544528722763062, 0.1060071587562561, 0.10962647199630737, 0.08980518579483032, 0.08902007341384888, 0.06993323564529419, 0.05891293287277222, 0.06604927778244019, 0.056918442249298096, 0.058162808418273926, 0.039785146713256836, 0.03912210464477539, 0.034449100494384766, 0.033777594566345215, 0.0, 0.04304713010787964, 0.038096070289611816, 0.046348392963409424, 0.03836095333099365, 0.03956031799316406, 0.04448169469833374, 0.04205167293548584, 0.04238748550415039, 0.04318469762802124, 0.05635768175125122, 0.05060833692550659, 0.05514174699783325, 0.05359470844268799, 0.053688108921051025, 0.0578000545501709], [0.41988396644592285, 0.3646917939186096, 0.29601234197616577, 0.23071712255477905, 0.1969681978225708, 0.17254215478897095, 0.15516877174377441, 0.1416689157485962, 0.14019811153411865, 0.12979769706726074, 0.13208210468292236, 0.09316658973693848, 0.09383106231689453, 0.0741192102432251, 0.07244575023651123, 0.055814146995544434, 0.0526270866394043, 0.05883193016052246, 0.049080073833465576, 0.04892343282699585, 0.040971338748931885, 0.0392037034034729, 0.03833240270614624, 0.037128746509552, 0.04304713010787964, 0.0, 0.03614163398742676, 0.032979369163513184, 0.03737407922744751, 0.040624797344207764, 0.04660940170288086, 0.040315091609954834, 0.04340493679046631, 0.043242454528808594, 0.0452420711517334, 0.04478698968887329, 0.05365175008773804, 0.052063167095184326, 0.055861830711364746, 0.04943287372589111], [0.4093785881996155, 0.353554904460907, 0.28440219163894653, 0.22439312934875488, 0.19647544622421265, 0.17679601907730103, 0.16090267896652222, 0.15259569883346558, 0.15339624881744385, 0.14671474695205688, 0.15242934226989746, 0.10858362913131714, 0.11112689971923828, 0.08871835470199585, 0.08841079473495483, 0.06915879249572754, 0.06013774871826172, 0.06979167461395264, 0.0588725209236145, 0.060494840145111084, 0.041187942028045654, 0.04314422607421875, 0.03457826375961304, 0.035130083560943604, 0.038096070289611816, 0.03614163398742676, 0.0, 0.03697925806045532, 0.03460139036178589, 0.035501956939697266, 0.034683942794799805, 0.035703837871551514, 0.035640060901641846, 0.037478864192962646, 0.04492366313934326, 0.0415952205657959, 0.04550933837890625, 0.042500436305999756, 0.0459941029548645, 0.04740309715270996], [0.42196518182754517, 0.3666750192642212, 0.2988286018371582, 0.23486149311065674, 0.2030106782913208, 0.17782318592071533, 0.1596863865852356, 0.14784175157546997, 0.1449376940727234, 0.13380354642868042, 0.13634443283081055, 0.09818482398986816, 0.09727156162261963, 0.0754055380821228, 0.0756450891494751, 0.05882585048675537, 0.05710446834564209, 0.0622025728225708, 0.053660452365875244, 0.05237072706222534, 0.043654561042785645, 0.04136359691619873, 0.040350914001464844, 0.03895401954650879, 0.046348392963409424, 0.032979369163513184, 0.03697925806045532, 0.0, 0.03684645891189575, 0.0380326509475708, 0.04526817798614502, 0.03795790672302246, 0.04241454601287842, 0.03977423906326294, 0.04301375150680542, 0.04266470670700073, 0.049649178981781006, 0.048040926456451416, 0.05366033315658569, 0.0460737943649292], [0.409884512424469, 0.35388505458831787, 0.2851365804672241, 0.22355341911315918, 0.19524425268173218, 0.17400068044662476, 0.15969717502593994, 0.15167313814163208, 0.15145480632781982, 0.14555466175079346, 0.15045738220214844, 0.1082410216331482, 0.11180907487869263, 0.08936887979507446, 0.08867710828781128, 0.06937497854232788, 0.06143563985824585, 0.06872224807739258, 0.058203041553497314, 0.06032294034957886, 0.04284346103668213, 0.04215240478515625, 0.036617934703826904, 0.03491932153701782, 0.03836095333099365, 0.03737407922744751, 0.03460139036178589, 0.03684645891189575, 0.0, 0.0350499153137207, 0.036414504051208496, 0.03663015365600586, 0.036760032176971436, 0.038525938987731934, 0.04997599124908447, 0.045114219188690186, 0.043173015117645264, 0.04534488916397095, 0.049746036529541016, 0.048708200454711914], [0.42520540952682495, 0.3700906038284302, 0.30232149362564087, 0.24052149057388306, 0.2088932991027832, 0.18866181373596191, 0.17281615734100342, 0.1585124135017395, 0.15690892934799194, 0.15044540166854858, 0.15314245223999023, 0.11351966857910156, 0.1136135458946228, 0.09429693222045898, 0.09226912260055542, 0.07449793815612793, 0.06285160779953003, 0.06818342208862305, 0.05886906385421753, 0.05876898765563965, 0.045596182346343994, 0.04170721769332886, 0.037653207778930664, 0.03587973117828369, 0.03956031799316406, 0.040624797344207764, 0.035501956939697266, 0.0380326509475708, 0.0350499153137207, 0.0, 0.03847479820251465, 0.03280436992645264, 0.036562561988830566, 0.03303408622741699, 0.04318112134933472, 0.03889721632003784, 0.043662846088409424, 0.04367166757583618, 0.04401397705078125, 0.04511839151382446], [0.4087318778038025, 0.35272926092147827, 0.2869431972503662, 0.23063939809799194, 0.20884662866592407, 0.19169366359710693, 0.17933934926986694, 0.1748775839805603, 0.17659622430801392, 0.17169350385665894, 0.1797652244567871, 0.1323898434638977, 0.13864189386367798, 0.11340963840484619, 0.11437022686004639, 0.08902019262313843, 0.07967346906661987, 0.09220802783966064, 0.07823872566223145, 0.08076369762420654, 0.05477762222290039, 0.05506777763366699, 0.04602313041687012, 0.04211580753326416, 0.04448169469833374, 0.04660940170288086, 0.034683942794799805, 0.04526817798614502, 0.036414504051208496, 0.03847479820251465, 0.0, 0.040894389152526855, 0.03697305917739868, 0.03706854581832886, 0.0566062331199646, 0.04600846767425537, 0.03679978847503662, 0.04226267337799072, 0.043219566345214844, 0.05080521106719971], [0.43067097663879395, 0.3766469359397888, 0.30992990732192993, 0.2485014796257019, 0.2159690260887146, 0.19460725784301758, 0.17764067649841309, 0.16385984420776367, 0.16155391931533813, 0.15337836742401123, 0.15643906593322754, 0.11707741022109985, 0.11548483371734619, 0.09538006782531738, 0.09416031837463379, 0.07738500833511353, 0.06789594888687134, 0.0718846321105957, 0.06247657537460327, 0.061128437519073486, 0.04862391948699951, 0.046792447566986084, 0.03927004337310791, 0.04084336757659912, 0.04205167293548584, 0.040315091609954834, 0.035703837871551514, 0.03795790672302246, 0.03663015365600586, 0.03280436992645264, 0.040894389152526855, 0.0, 0.034154415130615234, 0.03400897979736328, 0.038451552391052246, 0.03596377372741699, 0.044115424156188965, 0.03974342346191406, 0.040749311447143555, 0.03955286741256714], [0.4210820198059082, 0.3661346435546875, 0.3002833127975464, 0.24180757999420166, 0.21407556533813477, 0.1940973401069641, 0.17907482385635376, 0.16877835988998413, 0.16792172193527222, 0.1610957384109497, 0.16429626941680908, 0.1250419020652771, 0.1265154480934143, 0.10490435361862183, 0.1027105450630188, 0.0828789472579956, 0.07412177324295044, 0.08186227083206177, 0.07137739658355713, 0.07206273078918457, 0.05193668603897095, 0.05015134811401367, 0.04383271932601929, 0.04186052083969116, 0.04238748550415039, 0.04340493679046631, 0.035640060901641846, 0.04241454601287842, 0.036760032176971436, 0.036562561988830566, 0.03697305917739868, 0.034154415130615234, 0.0, 0.034885287284851074, 0.045202672481536865, 0.03894698619842529, 0.041112661361694336, 0.0381542444229126, 0.042057812213897705, 0.04175686836242676], [0.42656826972961426, 0.3721795082092285, 0.3072569966316223, 0.24836349487304688, 0.22029602527618408, 0.199812114238739, 0.18533408641815186, 0.17213010787963867, 0.17022931575775146, 0.16406947374343872, 0.1671527624130249, 0.12705183029174805, 0.12681907415390015, 0.10557466745376587, 0.10555803775787354, 0.08483785390853882, 0.0758063793182373, 0.08138096332550049, 0.07102829217910767, 0.07149910926818848, 0.05383563041687012, 0.050836026668548584, 0.04400467872619629, 0.043511033058166504, 0.04318469762802124, 0.043242454528808594, 0.037478864192962646, 0.03977423906326294, 0.038525938987731934, 0.03303408622741699, 0.03706854581832886, 0.03400897979736328, 0.034885287284851074, 0.0, 0.04155468940734863, 0.035925090312957764, 0.0369071364402771, 0.0369490385055542, 0.03744405508041382, 0.03923773765563965], [0.44719988107681274, 0.39517349004745483, 0.32982558012008667, 0.2666466236114502, 0.23123830556869507, 0.20537704229354858, 0.18634653091430664, 0.16585969924926758, 0.16146665811538696, 0.15145695209503174, 0.15001004934310913, 0.117398202419281, 0.11126995086669922, 0.09556913375854492, 0.09191954135894775, 0.07973939180374146, 0.07321435213088989, 0.07268548011779785, 0.06556147336959839, 0.06114763021469116, 0.05748265981674194, 0.054234445095062256, 0.04896438121795654, 0.05271649360656738, 0.05635768175125122, 0.0452420711517334, 0.04492366313934326, 0.04301375150680542, 0.04997599124908447, 0.04318112134933472, 0.0566062331199646, 0.038451552391052246, 0.045202672481536865, 0.04155468940734863, 0.0, 0.03693890571594238, 0.052381277084350586, 0.044286370277404785, 0.046603500843048096, 0.03855353593826294], [0.43433672189712524, 0.3818398118019104, 0.317375123500824, 0.2589834928512573, 0.22843676805496216, 0.2067529559135437, 0.191118061542511, 0.17466223239898682, 0.17272311449050903, 0.1635061502456665, 0.16570919752120972, 0.12758409976959229, 0.12425529956817627, 0.10657304525375366, 0.10433834791183472, 0.0863879919052124, 0.0797041654586792, 0.08405262231826782, 0.07359862327575684, 0.0700724720954895, 0.06071674823760986, 0.05667203664779663, 0.04862338304519653, 0.04977381229400635, 0.05060833692550659, 0.04478698968887329, 0.0415952205657959, 0.04266470670700073, 0.045114219188690186, 0.03889721632003784, 0.04600846767425537, 0.03596377372741699, 0.03894698619842529, 0.035925090312957764, 0.03693890571594238, 0.0, 0.039226412773132324, 0.0372767448425293, 0.03648114204406738, 0.033841729164123535], [0.41969549655914307, 0.36720985174179077, 0.3041570782661438, 0.25046753883361816, 0.22754472494125366, 0.21060681343078613, 0.19858527183532715, 0.19044387340545654, 0.19112926721572876, 0.18621236085891724, 0.1916351318359375, 0.14766699075698853, 0.15177702903747559, 0.1260501742362976, 0.12664693593978882, 0.10257178544998169, 0.09497952461242676, 0.10396331548690796, 0.09070169925689697, 0.0911184549331665, 0.07132256031036377, 0.06603884696960449, 0.05589944124221802, 0.05413401126861572, 0.05514174699783325, 0.05365175008773804, 0.04550933837890625, 0.049649178981781006, 0.043173015117645264, 0.043662846088409424, 0.03679978847503662, 0.044115424156188965, 0.041112661361694336, 0.0369071364402771, 0.052381277084350586, 0.039226412773132324, 0.0, 0.03685438632965088, 0.03679180145263672, 0.04233032464981079], [0.4302215576171875, 0.3781048655509949, 0.31529414653778076, 0.25945258140563965, 0.23326247930526733, 0.21333163976669312, 0.19775640964508057, 0.1873912215232849, 0.18766683340072632, 0.17885059118270874, 0.18398523330688477, 0.14195507764816284, 0.14309346675872803, 0.11903762817382812, 0.11614078283309937, 0.09589231014251709, 0.08874332904815674, 0.09676510095596313, 0.08574217557907104, 0.08594775199890137, 0.0676262378692627, 0.06484133005142212, 0.054315268993377686, 0.05503368377685547, 0.05359470844268799, 0.052063167095184326, 0.042500436305999756, 0.048040926456451416, 0.04534488916397095, 0.04367166757583618, 0.04226267337799072, 0.03974342346191406, 0.0381542444229126, 0.0369490385055542, 0.044286370277404785, 0.0372767448425293, 0.03685438632965088, 0.0, 0.03455275297164917, 0.03741544485092163], [0.42762720584869385, 0.3757808804512024, 0.31249451637268066, 0.2594894766807556, 0.2344105839729309, 0.21828609704971313, 0.20467853546142578, 0.19027352333068848, 0.1917964220046997, 0.18574154376983643, 0.18856829404830933, 0.14827853441238403, 0.14736950397491455, 0.12744617462158203, 0.1256127953529358, 0.1064302921295166, 0.09621608257293701, 0.1013953685760498, 0.08962178230285645, 0.08760267496109009, 0.07100260257720947, 0.06818258762359619, 0.05474364757537842, 0.058064401149749756, 0.053688108921051025, 0.055861830711364746, 0.0459941029548645, 0.05366033315658569, 0.049746036529541016, 0.04401397705078125, 0.043219566345214844, 0.040749311447143555, 0.042057812213897705, 0.03744405508041382, 0.046603500843048096, 0.03648114204406738, 0.03679180145263672, 0.03455275297164917, 0.0, 0.03741270303726196], [0.43268871307373047, 0.3804858326911926, 0.3173966407775879, 0.2600865960121155, 0.23198586702346802, 0.21006864309310913, 0.1934935450553894, 0.17934024333953857, 0.17667877674102783, 0.16676217317581177, 0.167591392993927, 0.132837176322937, 0.1298627257347107, 0.11043179035186768, 0.10817331075668335, 0.0927734375, 0.08707815408706665, 0.08843672275543213, 0.0812332034111023, 0.07679587602615356, 0.06616723537445068, 0.0637979507446289, 0.056677818298339844, 0.0574946403503418, 0.0578000545501709, 0.04943287372589111, 0.04740309715270996, 0.0460737943649292, 0.048708200454711914, 0.04511839151382446, 0.05080521106719971, 0.03955286741256714, 0.04175686836242676, 0.03923773765563965, 0.03855353593826294, 0.033841729164123535, 0.04233032464981079, 0.03741544485092163, 0.03741270303726196, 0.0]], "losses": [2.8914313316345215, 2.833172559738159, 2.7051947116851807, 2.682703971862793, 2.6057002544403076, 2.6020944118499756, 2.4889631271362305, 2.5838775634765625, 2.544423818588257, 2.5402767658233643, 2.4813733100891113, 2.459528923034668, 2.4752392768859863, 2.5239500999450684, 2.507021188735962, 2.517005681991577, 2.5055911540985107, 2.5339841842651367, 2.5226573944091797, 2.5004637241363525, 2.522364616394043, 2.4798877239227295, 2.439972400665283, 2.504274368286133, 2.4783291816711426, 2.4353368282318115, 2.3790090084075928, 2.4864585399627686, 2.4598257541656494, 2.494804620742798, 2.477477788925171, 2.4707577228546143, 2.495018243789673, 2.4698538780212402, 2.466297149658203, 2.490157127380371, 2.462792158126831, 2.3716671466827393, 2.464294672012329, 2.441307783126831], "div_coeff_mu": 0.13118881254624098, "div_coeff_var": 0.10499943481316429, "num_tasks": 40, "eval_loss": 2.410413217544556}