{"distance_matrix": [[0.0, 0.04681128263473511, 0.13152140378952026, 0.2197355031967163, 0.2920653820037842, 0.3069734573364258, 0.36618202924728394, 0.39163362979888916, 0.4071430563926697, 0.39611268043518066, 0.4123328924179077, 0.4221333861351013, 0.4278382658958435, 0.40960991382598877, 0.4015370011329651, 0.3922525644302368, 0.4207271337509155, 0.43257439136505127, 0.4204563498497009, 0.40323519706726074, 0.4149709939956665, 0.4183421730995178, 0.424443781375885, 0.40554189682006836, 0.4309210777282715, 0.4200325608253479, 0.39998316764831543, 0.4232208728790283, 0.38768208026885986, 0.3776843547821045, 0.42335808277130127, 0.40150249004364014, 0.43213796615600586, 0.42252814769744873, 0.44111305475234985, 0.44221317768096924, 0.41508835554122925, 0.44031453132629395, 0.46917933225631714, 0.4391413927078247], [0.04681128263473511, 0.0, 0.06652897596359253, 0.14480465650558472, 0.21802884340286255, 0.235867440700531, 0.2998972535133362, 0.32775014638900757, 0.34610670804977417, 0.3325108289718628, 0.35015273094177246, 0.3634040355682373, 0.37035197019577026, 0.34686654806137085, 0.3363823890686035, 0.32732903957366943, 0.3589152693748474, 0.3730817437171936, 0.3597413897514343, 0.341718852519989, 0.353121280670166, 0.3572416305541992, 0.36511510610580444, 0.34423571825027466, 0.3703555464744568, 0.35927700996398926, 0.33841371536254883, 0.363116979598999, 0.3267570734024048, 0.31802356243133545, 0.36338239908218384, 0.34084373712539673, 0.37490665912628174, 0.36406052112579346, 0.3826998472213745, 0.38583552837371826, 0.35553425550460815, 0.38330984115600586, 0.415103554725647, 0.3827906847000122], [0.13152140378952026, 0.06652897596359253, 0.0, 0.05704224109649658, 0.11945444345474243, 0.13938778638839722, 0.20197582244873047, 0.23120075464248657, 0.2506076693534851, 0.23686343431472778, 0.25368112325668335, 0.26907867193222046, 0.27928000688552856, 0.25418180227279663, 0.2437019944190979, 0.2365465760231018, 0.26656609773635864, 0.2835090756416321, 0.2710955739021301, 0.2542670965194702, 0.2654680609703064, 0.2713775634765625, 0.2784116268157959, 0.26180529594421387, 0.28485745191574097, 0.27475637197494507, 0.25824594497680664, 0.2823338508605957, 0.25397467613220215, 0.24587559700012207, 0.28401440382003784, 0.26552772521972656, 0.29522061347961426, 0.28489750623703003, 0.30411016941070557, 0.3068455457687378, 0.2813032269477844, 0.30444198846817017, 0.33682572841644287, 0.30589449405670166], [0.2197355031967163, 0.14480465650558472, 0.05704224109649658, 0.0, 0.048858463764190674, 0.062199413776397705, 0.11580926179885864, 0.14294683933258057, 0.1643620729446411, 0.14967107772827148, 0.1672315001487732, 0.18879562616348267, 0.20016396045684814, 0.17513501644134521, 0.16703277826309204, 0.16231828927993774, 0.18829673528671265, 0.20715010166168213, 0.19847869873046875, 0.18718600273132324, 0.19423949718475342, 0.20350795984268188, 0.20967692136764526, 0.19871002435684204, 0.21509134769439697, 0.21015244722366333, 0.19907116889953613, 0.21991610527038574, 0.20404469966888428, 0.19977253675460815, 0.22308361530303955, 0.20975124835968018, 0.23383790254592896, 0.22382235527038574, 0.24042445421218872, 0.24664974212646484, 0.2269686460494995, 0.2417980432510376, 0.2709379196166992, 0.24668341875076294], [0.2920653820037842, 0.21802884340286255, 0.11945444345474243, 0.048858463764190674, 0.0, 0.034668564796447754, 0.054894447326660156, 0.07753241062164307, 0.0997585654258728, 0.08977562189102173, 0.10644859075546265, 0.12983113527297974, 0.1424843668937683, 0.12750905752182007, 0.12525105476379395, 0.12802380323410034, 0.14130449295043945, 0.15658271312713623, 0.15507924556732178, 0.15644031763076782, 0.1562412977218628, 0.168890118598938, 0.17223435640335083, 0.17357927560806274, 0.17670947313308716, 0.1788954734802246, 0.17983341217041016, 0.1910976767539978, 0.19800227880477905, 0.19435739517211914, 0.19386976957321167, 0.19225388765335083, 0.2012042999267578, 0.19722843170166016, 0.20639461278915405, 0.21383041143417358, 0.20897793769836426, 0.20965564250946045, 0.22922992706298828, 0.21756380796432495], [0.3069734573364258, 0.235867440700531, 0.13938778638839722, 0.062199413776397705, 0.034668564796447754, 0.0, 0.0561257004737854, 0.07520949840545654, 0.09661918878555298, 0.07700496912002563, 0.0965391993522644, 0.12479203939437866, 0.13570833206176758, 0.11045622825622559, 0.10475426912307739, 0.10449481010437012, 0.12318187952041626, 0.14319664239883423, 0.13753235340118408, 0.13266032934188843, 0.13841962814331055, 0.1462751030921936, 0.15261691808700562, 0.14703154563903809, 0.15733790397644043, 0.15616393089294434, 0.1534838080406189, 0.16946369409561157, 0.16815495491027832, 0.168925940990448, 0.17226094007492065, 0.1667901873588562, 0.18254631757736206, 0.1738368272781372, 0.1869768500328064, 0.19551420211791992, 0.1827787160873413, 0.1894347071647644, 0.21275722980499268, 0.19715315103530884], [0.36618202924728394, 0.2998972535133362, 0.20197582244873047, 0.11580926179885864, 0.054894447326660156, 0.0561257004737854, 0.0, 0.03462862968444824, 0.04596102237701416, 0.04767870903015137, 0.05950736999511719, 0.07587462663650513, 0.0885545015335083, 0.09107619524002075, 0.09717273712158203, 0.10662579536437988, 0.10281121730804443, 0.10985356569290161, 0.11801773309707642, 0.1330203413963318, 0.12303781509399414, 0.14040535688400269, 0.1364728808403015, 0.15595102310180664, 0.14293688535690308, 0.15372592210769653, 0.1657787561416626, 0.16542619466781616, 0.20132845640182495, 0.1970432996749878, 0.16766220331192017, 0.18212461471557617, 0.1687023639678955, 0.17215180397033691, 0.17493408918380737, 0.18110984563827515, 0.19688689708709717, 0.17784792184829712, 0.1828656792640686, 0.19008195400238037], [0.39163362979888916, 0.32775014638900757, 0.23120075464248657, 0.14294683933258057, 0.07753241062164307, 0.07520949840545654, 0.03462862968444824, 0.0, 0.035980403423309326, 0.03721511363983154, 0.04858356714248657, 0.05844956636428833, 0.06845808029174805, 0.07581913471221924, 0.08402669429779053, 0.09773856401443481, 0.08753103017807007, 0.08938080072402954, 0.10040098428726196, 0.12299960851669312, 0.10870587825775146, 0.12450343370437622, 0.1217348575592041, 0.1458148956298828, 0.12647604942321777, 0.14018899202346802, 0.15952134132385254, 0.15194696187973022, 0.20094668865203857, 0.1949058175086975, 0.15456229448318481, 0.17598801851272583, 0.15549236536026, 0.16119784116744995, 0.16083097457885742, 0.166662335395813, 0.18978583812713623, 0.16478359699249268, 0.16376161575317383, 0.17664039134979248], [0.4071430563926697, 0.34610670804977417, 0.2506076693534851, 0.1643620729446411, 0.0997585654258728, 0.09661918878555298, 0.04596102237701416, 0.035980403423309326, 0.0, 0.03971654176712036, 0.046697258949279785, 0.048491835594177246, 0.055474162101745605, 0.06949299573898315, 0.08310794830322266, 0.09564387798309326, 0.08127105236053467, 0.07976800203323364, 0.09366923570632935, 0.11579489707946777, 0.10211509466171265, 0.11919206380844116, 0.11181992292404175, 0.14244312047958374, 0.12146824598312378, 0.13580584526062012, 0.15747416019439697, 0.14676189422607422, 0.2047540545463562, 0.1964762806892395, 0.1486329436302185, 0.1756906509399414, 0.14604616165161133, 0.15351223945617676, 0.15366631746292114, 0.15781182050704956, 0.18943017721176147, 0.1558387279510498, 0.15313982963562012, 0.16928881406784058], [0.39611268043518066, 0.3325108289718628, 0.23686343431472778, 0.14967107772827148, 0.08977562189102173, 0.07700496912002563, 0.04767870903015137, 0.03721511363983154, 0.03971654176712036, 0.0, 0.03605186939239502, 0.04891425371170044, 0.0549967885017395, 0.0518113374710083, 0.05779188871383667, 0.06823265552520752, 0.059710562229156494, 0.06429052352905273, 0.07415246963500977, 0.0916215181350708, 0.07994478940963745, 0.09331434965133667, 0.09212857484817505, 0.11272656917572021, 0.09561532735824585, 0.1071423888206482, 0.12626463174819946, 0.11976015567779541, 0.16933608055114746, 0.1651465892791748, 0.12373661994934082, 0.14441055059432983, 0.12501925230026245, 0.12822335958480835, 0.13043946027755737, 0.13610506057739258, 0.15683364868164062, 0.13322192430496216, 0.1346064805984497, 0.1448553204536438], [0.4123328924179077, 0.35015273094177246, 0.25368112325668335, 0.1672315001487732, 0.10644859075546265, 0.0965391993522644, 0.05950736999511719, 0.04858356714248657, 0.046697258949279785, 0.03605186939239502, 0.0, 0.0439569354057312, 0.04814159870147705, 0.048054635524749756, 0.0586666464805603, 0.06495696306228638, 0.053763508796691895, 0.05893057584762573, 0.06984460353851318, 0.08776736259460449, 0.07366025447845459, 0.08925825357437134, 0.0836525559425354, 0.1108655333518982, 0.0885310173034668, 0.10302877426147461, 0.1258985996246338, 0.1139116883277893, 0.17469727993011475, 0.16620510816574097, 0.11913812160491943, 0.14493530988693237, 0.11790716648101807, 0.12467557191848755, 0.12464606761932373, 0.12791067361831665, 0.1562526822090149, 0.1260843276977539, 0.1227562427520752, 0.13949048519134521], [0.4221333861351013, 0.3634040355682373, 0.26907867193222046, 0.18879562616348267, 0.12983113527297974, 0.12479203939437866, 0.07587462663650513, 0.05844956636428833, 0.048491835594177246, 0.04891425371170044, 0.0439569354057312, 0.0, 0.03967642784118652, 0.05266737937927246, 0.07105475664138794, 0.0794297456741333, 0.060508131980895996, 0.05558967590332031, 0.0681796669960022, 0.0913744568824768, 0.07803791761398315, 0.09261661767959595, 0.0823979377746582, 0.11708939075469971, 0.0947217345237732, 0.10848349332809448, 0.13467377424240112, 0.11999040842056274, 0.19038748741149902, 0.17811685800552368, 0.12132757902145386, 0.15700620412826538, 0.11857563257217407, 0.12795114517211914, 0.12938600778579712, 0.12785649299621582, 0.16778355836868286, 0.1282343864440918, 0.12120723724365234, 0.13900446891784668], [0.4278382658958435, 0.37035197019577026, 0.27928000688552856, 0.20016396045684814, 0.1424843668937683, 0.13570833206176758, 0.0885545015335083, 0.06845808029174805, 0.055474162101745605, 0.0549967885017395, 0.04814159870147705, 0.03967642784118652, 0.0, 0.048056721687316895, 0.06381428241729736, 0.07433867454528809, 0.05568140745162964, 0.048313260078430176, 0.05827456712722778, 0.08413630723953247, 0.06856352090835571, 0.08367085456848145, 0.07247239351272583, 0.10897445678710938, 0.08433949947357178, 0.10063064098358154, 0.12708669900894165, 0.10891836881637573, 0.1835801601409912, 0.17241030931472778, 0.10858631134033203, 0.14545917510986328, 0.10557812452316284, 0.11773097515106201, 0.11378824710845947, 0.1139686107635498, 0.15801024436950684, 0.11575078964233398, 0.10759073495864868, 0.12862014770507812], [0.40960991382598877, 0.34686654806137085, 0.25418180227279663, 0.17513501644134521, 0.12750905752182007, 0.11045622825622559, 0.09107619524002075, 0.07581913471221924, 0.06949299573898315, 0.0518113374710083, 0.048054635524749756, 0.05266737937927246, 0.048056721687316895, 0.0, 0.04099380970001221, 0.04596424102783203, 0.0388142466545105, 0.044090867042541504, 0.044046640396118164, 0.05217999219894409, 0.04850679636001587, 0.053758978843688965, 0.05321609973907471, 0.07162809371948242, 0.06056249141693115, 0.07026553153991699, 0.08764481544494629, 0.07830005884170532, 0.13395625352859497, 0.1270480751991272, 0.08079880475997925, 0.10783630609512329, 0.08397364616394043, 0.08941853046417236, 0.09058886766433716, 0.09449857473373413, 0.11689478158950806, 0.09195226430892944, 0.09395480155944824, 0.1024399995803833], [0.4015370011329651, 0.3363823890686035, 0.2437019944190979, 0.16703277826309204, 0.12525105476379395, 0.10475426912307739, 0.09717273712158203, 0.08402669429779053, 0.08310794830322266, 0.05779188871383667, 0.0586666464805603, 0.07105475664138794, 0.06381428241729736, 0.04099380970001221, 0.0, 0.03757309913635254, 0.03972858190536499, 0.04737961292266846, 0.04528003931045532, 0.052248239517211914, 0.043714940547943115, 0.04932355880737305, 0.05751913785934448, 0.06402623653411865, 0.05292612314224243, 0.05824995040893555, 0.07537674903869629, 0.06638443470001221, 0.1113850474357605, 0.11151403188705444, 0.07321971654891968, 0.08864831924438477, 0.07600200176239014, 0.0801539421081543, 0.07871323823928833, 0.08434039354324341, 0.10010606050491333, 0.08506590127944946, 0.09009212255477905, 0.09270298480987549], [0.3922525644302368, 0.32732903957366943, 0.2365465760231018, 0.16231828927993774, 0.12802380323410034, 0.10449481010437012, 0.10662579536437988, 0.09773856401443481, 0.09564387798309326, 0.06823265552520752, 0.06495696306228638, 0.0794297456741333, 0.07433867454528809, 0.04596424102783203, 0.03757309913635254, 0.0, 0.03886491060256958, 0.05344724655151367, 0.04457962512969971, 0.04252314567565918, 0.03915029764175415, 0.04600560665130615, 0.0494806170463562, 0.04948359727859497, 0.04743009805679321, 0.04937225580215454, 0.05991518497467041, 0.05821871757507324, 0.0920984148979187, 0.09322929382324219, 0.0650443434715271, 0.07586830854415894, 0.06707572937011719, 0.06743568181991577, 0.07220596075057983, 0.07610827684402466, 0.08516138792037964, 0.07541954517364502, 0.08694899082183838, 0.08172100782394409], [0.4207271337509155, 0.3589152693748474, 0.26656609773635864, 0.18829673528671265, 0.14130449295043945, 0.12318187952041626, 0.10281121730804443, 0.08753103017807007, 0.08127105236053467, 0.059710562229156494, 0.053763508796691895, 0.060508131980895996, 0.05568140745162964, 0.0388142466545105, 0.03972858190536499, 0.03886491060256958, 0.0, 0.039135754108428955, 0.040051162242889404, 0.04737323522567749, 0.03788489103317261, 0.04831576347351074, 0.04546952247619629, 0.06048816442489624, 0.046312808990478516, 0.05375176668167114, 0.0759880542755127, 0.06431740522384644, 0.12308251857757568, 0.1172562837600708, 0.06940263509750366, 0.09375286102294922, 0.06938034296035767, 0.07450753450393677, 0.07424390316009521, 0.07717305421829224, 0.10270893573760986, 0.0763358473777771, 0.07719671726226807, 0.08589351177215576], [0.43257439136505127, 0.3730817437171936, 0.2835090756416321, 0.20715010166168213, 0.15658271312713623, 0.14319664239883423, 0.10985356569290161, 0.08938080072402954, 0.07976800203323364, 0.06429052352905273, 0.05893057584762573, 0.05558967590332031, 0.048313260078430176, 0.044090867042541504, 0.04737961292266846, 0.05344724655151367, 0.039135754108428955, 0.0, 0.04190856218338013, 0.0590553879737854, 0.04444241523742676, 0.053251564502716064, 0.049767374992370605, 0.07498639822006226, 0.05263638496398926, 0.06487172842025757, 0.09195107221603394, 0.07282423973083496, 0.14523279666900635, 0.13708990812301636, 0.075680673122406, 0.10736072063446045, 0.07377612590789795, 0.08212822675704956, 0.07857829332351685, 0.08043640851974487, 0.11746788024902344, 0.08055967092514038, 0.07410538196563721, 0.09168380498886108], [0.4204563498497009, 0.3597413897514343, 0.2710955739021301, 0.19847869873046875, 0.15507924556732178, 0.13753235340118408, 0.11801773309707642, 0.10040098428726196, 0.09366923570632935, 0.07415246963500977, 0.06984460353851318, 0.0681796669960022, 0.05827456712722778, 0.044046640396118164, 0.04528003931045532, 0.04457962512969971, 0.040051162242889404, 0.04190856218338013, 0.0, 0.04321032762527466, 0.037526071071624756, 0.04301035404205322, 0.0415194034576416, 0.056413233280181885, 0.04596757888793945, 0.05219155550003052, 0.06952214241027832, 0.05981951951980591, 0.1161925196647644, 0.1103697419166565, 0.06028580665588379, 0.08771198987960815, 0.06143277883529663, 0.06896889209747314, 0.0682629942893982, 0.06898468732833862, 0.0958966612815857, 0.0698205828666687, 0.07301610708236694, 0.07671117782592773], [0.40323519706726074, 0.341718852519989, 0.2542670965194702, 0.18718600273132324, 0.15644031763076782, 0.13266032934188843, 0.1330203413963318, 0.12299960851669312, 0.11579489707946777, 0.0916215181350708, 0.08776736259460449, 0.0913744568824768, 0.08413630723953247, 0.05217999219894409, 0.052248239517211914, 0.04252314567565918, 0.04737323522567749, 0.0590553879737854, 0.04321032762527466, 0.0, 0.0410502552986145, 0.03801637887954712, 0.037806034088134766, 0.03711313009262085, 0.04734569787979126, 0.04334056377410889, 0.04902350902557373, 0.04951661825180054, 0.08417540788650513, 0.08027976751327515, 0.051271915435791016, 0.0654178261756897, 0.05467069149017334, 0.05502718687057495, 0.06418156623840332, 0.06411290168762207, 0.07317239046096802, 0.06119948625564575, 0.07656878232955933, 0.0660979151725769], [0.4149709939956665, 0.353121280670166, 0.2654680609703064, 0.19423949718475342, 0.1562412977218628, 0.13841962814331055, 0.12303781509399414, 0.10870587825775146, 0.10211509466171265, 0.07994478940963745, 0.07366025447845459, 0.07803791761398315, 0.06856352090835571, 0.04850679636001587, 0.043714940547943115, 0.03915029764175415, 0.03788489103317261, 0.04444241523742676, 0.037526071071624756, 0.0410502552986145, 0.0, 0.038509488105773926, 0.03818875551223755, 0.04855906963348389, 0.035411953926086426, 0.04090362787246704, 0.05806654691696167, 0.04592633247375488, 0.10185080766677856, 0.09549671411514282, 0.050855934619903564, 0.0712539553642273, 0.0505635142326355, 0.05637991428375244, 0.05490154027938843, 0.05755358934402466, 0.07982218265533447, 0.05732017755508423, 0.060766398906707764, 0.06592285633087158], [0.4183421730995178, 0.3572416305541992, 0.2713775634765625, 0.20350795984268188, 0.168890118598938, 0.1462751030921936, 0.14040535688400269, 0.12450343370437622, 0.11919206380844116, 0.09331434965133667, 0.08925825357437134, 0.09261661767959595, 0.08367085456848145, 0.053758978843688965, 0.04932355880737305, 0.04600560665130615, 0.04831576347351074, 0.053251564502716064, 0.04301035404205322, 0.03801637887954712, 0.038509488105773926, 0.0, 0.040119469165802, 0.040299415588378906, 0.03930807113647461, 0.038701772689819336, 0.050755977630615234, 0.04224812984466553, 0.0882425308227539, 0.08374065160751343, 0.045574069023132324, 0.062269747257232666, 0.04967057704925537, 0.051184654235839844, 0.05502665042877197, 0.056908488273620605, 0.06964081525802612, 0.05453300476074219, 0.06355232000350952, 0.05916702747344971], [0.424443781375885, 0.36511510610580444, 0.2784116268157959, 0.20967692136764526, 0.17223435640335083, 0.15261691808700562, 0.1364728808403015, 0.1217348575592041, 0.11181992292404175, 0.09212857484817505, 0.0836525559425354, 0.0823979377746582, 0.07247239351272583, 0.05321609973907471, 0.05751913785934448, 0.0494806170463562, 0.04546952247619629, 0.049767374992370605, 0.0415194034576416, 0.037806034088134766, 0.03818875551223755, 0.040119469165802, 0.0, 0.04687654972076416, 0.04336947202682495, 0.04517930746078491, 0.058231890201568604, 0.04725402593612671, 0.10473746061325073, 0.09514957666397095, 0.04863828420639038, 0.07399892807006836, 0.048613011837005615, 0.05358773469924927, 0.05719494819641113, 0.05589604377746582, 0.08127790689468384, 0.053838908672332764, 0.06028616428375244, 0.062490642070770264], [0.40554189682006836, 0.34423571825027466, 0.26180529594421387, 0.19871002435684204, 0.17357927560806274, 0.14703154563903809, 0.15595102310180664, 0.1458148956298828, 0.14244312047958374, 0.11272656917572021, 0.1108655333518982, 0.11708939075469971, 0.10897445678710938, 0.07162809371948242, 0.06402623653411865, 0.04948359727859497, 0.06048816442489624, 0.07498639822006226, 0.056413233280181885, 0.03711313009262085, 0.04855906963348389, 0.040299415588378906, 0.04687654972076416, 0.0, 0.0475308895111084, 0.03693592548370361, 0.03606230020523071, 0.04180729389190674, 0.06000399589538574, 0.06044811010360718, 0.04365628957748413, 0.04820513725280762, 0.050478994846343994, 0.046079158782958984, 0.054276466369628906, 0.05779069662094116, 0.05283069610595703, 0.0519101619720459, 0.07365041971206665, 0.05316650867462158], [0.4309210777282715, 0.3703555464744568, 0.28485745191574097, 0.21509134769439697, 0.17670947313308716, 0.15733790397644043, 0.14293688535690308, 0.12647604942321777, 0.12146824598312378, 0.09561532735824585, 0.0885310173034668, 0.0947217345237732, 0.08433949947357178, 0.06056249141693115, 0.05292612314224243, 0.04743009805679321, 0.046312808990478516, 0.05263638496398926, 0.04596757888793945, 0.04734569787979126, 0.035411953926086426, 0.03930807113647461, 0.04336947202682495, 0.0475308895111084, 0.0, 0.03499072790145874, 0.054621100425720215, 0.03908568620681763, 0.09473532438278198, 0.08957922458648682, 0.04625970125198364, 0.06206154823303223, 0.046431660652160645, 0.04969072341918945, 0.04649227857589722, 0.051349759101867676, 0.0684700608253479, 0.05024600028991699, 0.052868664264678955, 0.057234108448028564], [0.4200325608253479, 0.35927700996398926, 0.27475637197494507, 0.21015244722366333, 0.1788954734802246, 0.15616393089294434, 0.15372592210769653, 0.14018899202346802, 0.13580584526062012, 0.1071423888206482, 0.10302877426147461, 0.10848349332809448, 0.10063064098358154, 0.07026553153991699, 0.05824995040893555, 0.04937225580215454, 0.05375176668167114, 0.06487172842025757, 0.05219155550003052, 0.04334056377410889, 0.04090362787246704, 0.038701772689819336, 0.04517930746078491, 0.03693592548370361, 0.03499072790145874, 0.0, 0.04193723201751709, 0.03354674577713013, 0.07216691970825195, 0.06945276260375977, 0.040457189083099365, 0.04872143268585205, 0.04128086566925049, 0.04078865051269531, 0.045272767543792725, 0.045836806297302246, 0.05445808172225952, 0.04523944854736328, 0.05659860372543335, 0.0492900013923645], [0.39998316764831543, 0.33841371536254883, 0.25824594497680664, 0.19907116889953613, 0.17983341217041016, 0.1534838080406189, 0.1657787561416626, 0.15952134132385254, 0.15747416019439697, 0.12626463174819946, 0.1258985996246338, 0.13467377424240112, 0.12708669900894165, 0.08764481544494629, 0.07537674903869629, 0.05991518497467041, 0.0759880542755127, 0.09195107221603394, 0.06952214241027832, 0.04902350902557373, 0.05806654691696167, 0.050755977630615234, 0.058231890201568604, 0.03606230020523071, 0.054621100425720215, 0.04193723201751709, 0.0, 0.041530609130859375, 0.045946717262268066, 0.047640323638916016, 0.04421299695968628, 0.03894239664077759, 0.05112802982330322, 0.04294687509536743, 0.053797900676727295, 0.05950510501861572, 0.04066050052642822, 0.051152050495147705, 0.07763725519180298, 0.05199313163757324], [0.4232208728790283, 0.363116979598999, 0.2823338508605957, 0.21991610527038574, 0.1910976767539978, 0.16946369409561157, 0.16542619466781616, 0.15194696187973022, 0.14676189422607422, 0.11976015567779541, 0.1139116883277893, 0.11999040842056274, 0.10891836881637573, 0.07830005884170532, 0.06638443470001221, 0.05821871757507324, 0.06431740522384644, 0.07282423973083496, 0.05981951951980591, 0.04951661825180054, 0.04592633247375488, 0.04224812984466553, 0.04725402593612671, 0.04180729389190674, 0.03908568620681763, 0.03354674577713013, 0.041530609130859375, 0.0, 0.06985044479370117, 0.06631666421890259, 0.03608065843582153, 0.04376208782196045, 0.03704071044921875, 0.03715169429779053, 0.03867834806442261, 0.041660428047180176, 0.049331724643707275, 0.04074162244796753, 0.052527010440826416, 0.04381078481674194], [0.38768208026885986, 0.3267570734024048, 0.25397467613220215, 0.20404469966888428, 0.19800227880477905, 0.16815495491027832, 0.20132845640182495, 0.20094668865203857, 0.2047540545463562, 0.16933608055114746, 0.17469727993011475, 0.19038748741149902, 0.1835801601409912, 0.13395625352859497, 0.1113850474357605, 0.0920984148979187, 0.12308251857757568, 0.14523279666900635, 0.1161925196647644, 0.08417540788650513, 0.10185080766677856, 0.0882425308227539, 0.10473746061325073, 0.06000399589538574, 0.09473532438278198, 0.07216691970825195, 0.045946717262268066, 0.06985044479370117, 0.0, 0.039202213287353516, 0.07229822874069214, 0.0428127646446228, 0.0852423906326294, 0.06826955080032349, 0.08305400609970093, 0.09124374389648438, 0.041519880294799805, 0.08329236507415771, 0.12432849407196045, 0.07623887062072754], [0.3776843547821045, 0.31802356243133545, 0.24587559700012207, 0.19977253675460815, 0.19435739517211914, 0.168925940990448, 0.1970432996749878, 0.1949058175086975, 0.1964762806892395, 0.1651465892791748, 0.16620510816574097, 0.17811685800552368, 0.17241030931472778, 0.1270480751991272, 0.11151403188705444, 0.09322929382324219, 0.1172562837600708, 0.13708990812301636, 0.1103697419166565, 0.08027976751327515, 0.09549671411514282, 0.08374065160751343, 0.09514957666397095, 0.06044811010360718, 0.08957922458648682, 0.06945276260375977, 0.047640323638916016, 0.06631666421890259, 0.039202213287353516, 0.0, 0.06642717123031616, 0.0445173978805542, 0.07767212390899658, 0.06202983856201172, 0.07881128787994385, 0.0847737193107605, 0.0450671911239624, 0.07647639513015747, 0.1105344295501709, 0.0684632658958435], [0.42335808277130127, 0.36338239908218384, 0.28401440382003784, 0.22308361530303955, 0.19386976957321167, 0.17226094007492065, 0.16766220331192017, 0.15456229448318481, 0.1486329436302185, 0.12373661994934082, 0.11913812160491943, 0.12132757902145386, 0.10858631134033203, 0.08079880475997925, 0.07321971654891968, 0.0650443434715271, 0.06940263509750366, 0.075680673122406, 0.06028580665588379, 0.051271915435791016, 0.050855934619903564, 0.045574069023132324, 0.04863828420639038, 0.04365628957748413, 0.04625970125198364, 0.040457189083099365, 0.04421299695968628, 0.03608065843582153, 0.07229822874069214, 0.06642717123031616, 0.0, 0.04351896047592163, 0.037586867809295654, 0.03718501329421997, 0.03991037607192993, 0.04218083620071411, 0.04778951406478882, 0.03832894563674927, 0.052092134952545166, 0.038365185260772705], [0.40150249004364014, 0.34084373712539673, 0.26552772521972656, 0.20975124835968018, 0.19225388765335083, 0.1667901873588562, 0.18212461471557617, 0.17598801851272583, 0.1756906509399414, 0.14441055059432983, 0.14493530988693237, 0.15700620412826538, 0.14545917510986328, 0.10783630609512329, 0.08864831924438477, 0.07586830854415894, 0.09375286102294922, 0.10736072063446045, 0.08771198987960815, 0.0654178261756897, 0.0712539553642273, 0.062269747257232666, 0.07399892807006836, 0.04820513725280762, 0.06206154823303223, 0.04872143268585205, 0.03894239664077759, 0.04376208782196045, 0.0428127646446228, 0.0445173978805542, 0.04351896047592163, 0.0, 0.052866995334625244, 0.042734622955322266, 0.0492781400680542, 0.058403968811035156, 0.03344064950942993, 0.05062222480773926, 0.07697081565856934, 0.04910057783126831], [0.43213796615600586, 0.37490665912628174, 0.29522061347961426, 0.23383790254592896, 0.2012042999267578, 0.18254631757736206, 0.1687023639678955, 0.15549236536026, 0.14604616165161133, 0.12501925230026245, 0.11790716648101807, 0.11857563257217407, 0.10557812452316284, 0.08397364616394043, 0.07600200176239014, 0.06707572937011719, 0.06938034296035767, 0.07377612590789795, 0.06143277883529663, 0.05467069149017334, 0.0505635142326355, 0.04967057704925537, 0.048613011837005615, 0.050478994846343994, 0.046431660652160645, 0.04128086566925049, 0.05112802982330322, 0.03704071044921875, 0.0852423906326294, 0.07767212390899658, 0.037586867809295654, 0.052866995334625244, 0.0, 0.037573397159576416, 0.038718342781066895, 0.03517639636993408, 0.05632907152175903, 0.035627901554107666, 0.04498201608657837, 0.03919345140457153], [0.42252814769744873, 0.36406052112579346, 0.28489750623703003, 0.22382235527038574, 0.19722843170166016, 0.1738368272781372, 0.17215180397033691, 0.16119784116744995, 0.15351223945617676, 0.12822335958480835, 0.12467557191848755, 0.12795114517211914, 0.11773097515106201, 0.08941853046417236, 0.0801539421081543, 0.06743568181991577, 0.07450753450393677, 0.08212822675704956, 0.06896889209747314, 0.05502718687057495, 0.05637991428375244, 0.051184654235839844, 0.05358773469924927, 0.046079158782958984, 0.04969072341918945, 0.04078865051269531, 0.04294687509536743, 0.03715169429779053, 0.06826955080032349, 0.06202983856201172, 0.03718501329421997, 0.042734622955322266, 0.037573397159576416, 0.0, 0.039923667907714844, 0.04044497013092041, 0.04516535997390747, 0.037136614322662354, 0.05091381072998047, 0.03799015283584595], [0.44111305475234985, 0.3826998472213745, 0.30411016941070557, 0.24042445421218872, 0.20639461278915405, 0.1869768500328064, 0.17493408918380737, 0.16083097457885742, 0.15366631746292114, 0.13043946027755737, 0.12464606761932373, 0.12938600778579712, 0.11378824710845947, 0.09058886766433716, 0.07871323823928833, 0.07220596075057983, 0.07424390316009521, 0.07857829332351685, 0.0682629942893982, 0.06418156623840332, 0.05490154027938843, 0.05502665042877197, 0.05719494819641113, 0.054276466369628906, 0.04649227857589722, 0.045272767543792725, 0.053797900676727295, 0.03867834806442261, 0.08305400609970093, 0.07881128787994385, 0.03991037607192993, 0.0492781400680542, 0.038718342781066895, 0.039923667907714844, 0.0, 0.03934282064437866, 0.05371701717376709, 0.03705155849456787, 0.044973671436309814, 0.04177558422088623], [0.44221317768096924, 0.38583552837371826, 0.3068455457687378, 0.24664974212646484, 0.21383041143417358, 0.19551420211791992, 0.18110984563827515, 0.166662335395813, 0.15781182050704956, 0.13610506057739258, 0.12791067361831665, 0.12785649299621582, 0.1139686107635498, 0.09449857473373413, 0.08434039354324341, 0.07610827684402466, 0.07717305421829224, 0.08043640851974487, 0.06898468732833862, 0.06411290168762207, 0.05755358934402466, 0.056908488273620605, 0.05589604377746582, 0.05779069662094116, 0.051349759101867676, 0.045836806297302246, 0.05950510501861572, 0.041660428047180176, 0.09124374389648438, 0.0847737193107605, 0.04218083620071411, 0.058403968811035156, 0.03517639636993408, 0.04044497013092041, 0.03934282064437866, 0.0, 0.05939817428588867, 0.037172913551330566, 0.044055819511413574, 0.038236260414123535], [0.41508835554122925, 0.35553425550460815, 0.2813032269477844, 0.2269686460494995, 0.20897793769836426, 0.1827787160873413, 0.19688689708709717, 0.18978583812713623, 0.18943017721176147, 0.15683364868164062, 0.1562526822090149, 0.16778355836868286, 0.15801024436950684, 0.11689478158950806, 0.10010606050491333, 0.08516138792037964, 0.10270893573760986, 0.11746788024902344, 0.0958966612815857, 0.07317239046096802, 0.07982218265533447, 0.06964081525802612, 0.08127790689468384, 0.05283069610595703, 0.0684700608253479, 0.05445808172225952, 0.04066050052642822, 0.049331724643707275, 0.041519880294799805, 0.0450671911239624, 0.04778951406478882, 0.03344064950942993, 0.05632907152175903, 0.04516535997390747, 0.05371701717376709, 0.05939817428588867, 0.0, 0.0500025749206543, 0.07809317111968994, 0.04599052667617798], [0.44031453132629395, 0.38330984115600586, 0.30444198846817017, 0.2417980432510376, 0.20965564250946045, 0.1894347071647644, 0.17784792184829712, 0.16478359699249268, 0.1558387279510498, 0.13322192430496216, 0.1260843276977539, 0.1282343864440918, 0.11575078964233398, 0.09195226430892944, 0.08506590127944946, 0.07541954517364502, 0.0763358473777771, 0.08055967092514038, 0.0698205828666687, 0.06119948625564575, 0.05732017755508423, 0.05453300476074219, 0.053838908672332764, 0.0519101619720459, 0.05024600028991699, 0.04523944854736328, 0.051152050495147705, 0.04074162244796753, 0.08329236507415771, 0.07647639513015747, 0.03832894563674927, 0.05062222480773926, 0.035627901554107666, 0.037136614322662354, 0.03705155849456787, 0.037172913551330566, 0.0500025749206543, 0.0, 0.04382145404815674, 0.03597062826156616], [0.46917933225631714, 0.415103554725647, 0.33682572841644287, 0.2709379196166992, 0.22922992706298828, 0.21275722980499268, 0.1828656792640686, 0.16376161575317383, 0.15313982963562012, 0.1346064805984497, 0.1227562427520752, 0.12120723724365234, 0.10759073495864868, 0.09395480155944824, 0.09009212255477905, 0.08694899082183838, 0.07719671726226807, 0.07410538196563721, 0.07301610708236694, 0.07656878232955933, 0.060766398906707764, 0.06355232000350952, 0.06028616428375244, 0.07365041971206665, 0.052868664264678955, 0.05659860372543335, 0.07763725519180298, 0.052527010440826416, 0.12432849407196045, 0.1105344295501709, 0.052092134952545166, 0.07697081565856934, 0.04498201608657837, 0.05091381072998047, 0.044973671436309814, 0.044055819511413574, 0.07809317111968994, 0.04382145404815674, 0.0, 0.050222933292388916], [0.4391413927078247, 0.3827906847000122, 0.30589449405670166, 0.24668341875076294, 0.21756380796432495, 0.19715315103530884, 0.19008195400238037, 0.17664039134979248, 0.16928881406784058, 0.1448553204536438, 0.13949048519134521, 0.13900446891784668, 0.12862014770507812, 0.1024399995803833, 0.09270298480987549, 0.08172100782394409, 0.08589351177215576, 0.09168380498886108, 0.07671117782592773, 0.0660979151725769, 0.06592285633087158, 0.05916702747344971, 0.062490642070770264, 0.05316650867462158, 0.057234108448028564, 0.0492900013923645, 0.05199313163757324, 0.04381078481674194, 0.07623887062072754, 0.0684632658958435, 0.038365185260772705, 0.04910057783126831, 0.03919345140457153, 0.03799015283584595, 0.04177558422088623, 0.038236260414123535, 0.04599052667617798, 0.03597062826156616, 0.050222933292388916, 0.0]], "losses": [2.940742254257202, 2.7933545112609863, 2.582475423812866, 2.536228656768799, 2.6012275218963623, 2.6703855991363525, 2.583562135696411, 2.548827648162842, 2.5800390243530273, 2.440891742706299, 2.5544652938842773, 2.5364270210266113, 2.4553632736206055, 2.4827919006347656, 2.553395986557007, 2.4689159393310547, 2.5398108959198, 2.506037712097168, 2.506685256958008, 2.527872323989868, 2.452479124069214, 2.2935597896575928, 2.512535572052002, 2.493541955947876, 2.496633529663086, 2.448822498321533, 2.4921681880950928, 2.414475202560425, 2.309797763824463, 2.5479655265808105, 2.512718677520752, 2.503354072570801, 2.442145586013794, 2.5140292644500732, 2.4805710315704346, 2.3967642784118652, 2.412245988845825, 2.451387882232666, 2.4981496334075928, 2.4392142295837402], "div_coeff_mu": 0.12889984166010832, "div_coeff_var": 0.10110449302211018, "num_tasks": 40, "eval_loss": 2.4051904678344727}