{"distance_matrix": [[0.0, 0.05200958251953125, 0.12749451398849487, 0.21454113721847534, 0.2859039306640625, 0.3084576725959778, 0.3612305521965027, 0.3925960063934326, 0.4148828387260437, 0.4262513518333435, 0.43761807680130005, 0.4502981901168823, 0.41660845279693604, 0.4089338183403015, 0.4370991587638855, 0.43688976764678955, 0.43031132221221924, 0.4102156162261963, 0.41380977630615234, 0.4276667833328247, 0.4210144281387329, 0.4331058859825134, 0.4592493176460266, 0.4380453824996948, 0.45419424772262573, 0.44051480293273926, 0.4105791449546814, 0.44400614500045776, 0.46873408555984497, 0.38533318042755127, 0.4061622619628906, 0.4205583333969116, 0.4385358691215515, 0.418706476688385, 0.41533201932907104, 0.47195494174957275, 0.4076598882675171, 0.4095025658607483, 0.3902019262313843, 0.41051530838012695], [0.05200958251953125, 0.0, 0.06196516752243042, 0.14074677228927612, 0.21349912881851196, 0.23752295970916748, 0.2887376546859741, 0.32194972038269043, 0.34788745641708374, 0.3610655665397644, 0.3736605644226074, 0.3866546154022217, 0.3496283292770386, 0.3405842185020447, 0.3709794878959656, 0.3694264888763428, 0.36478614807128906, 0.34341633319854736, 0.3465733528137207, 0.36102765798568726, 0.3541877865791321, 0.3669877052307129, 0.3971431851387024, 0.37462031841278076, 0.39214038848876953, 0.3777865767478943, 0.3484486937522888, 0.38049113750457764, 0.407792329788208, 0.3279644250869751, 0.34388625621795654, 0.3578221797943115, 0.3763508200645447, 0.35656243562698364, 0.35340631008148193, 0.4111970067024231, 0.347245991230011, 0.3477320075035095, 0.33211421966552734, 0.3488816022872925], [0.12749451398849487, 0.06196516752243042, 0.0, 0.05869460105895996, 0.1225430965423584, 0.14706510305404663, 0.19775187969207764, 0.23377865552902222, 0.26504945755004883, 0.28130221366882324, 0.2967270612716675, 0.3088226318359375, 0.26946133375167847, 0.2606883645057678, 0.29305726289749146, 0.2884700298309326, 0.28836870193481445, 0.2662495970726013, 0.2686687707901001, 0.2839727997779846, 0.27752310037612915, 0.29282552003860474, 0.3275099992752075, 0.3023587465286255, 0.3217277526855469, 0.30724602937698364, 0.27769529819488525, 0.30962979793548584, 0.3387277126312256, 0.2619423270225525, 0.2768077850341797, 0.2888239622116089, 0.30706721544265747, 0.2875673770904541, 0.28493988513946533, 0.3447335958480835, 0.282132089138031, 0.28234750032424927, 0.2711643576622009, 0.2850046753883362], [0.21454113721847534, 0.14074677228927612, 0.05869460105895996, 0.0, 0.048862457275390625, 0.06957721710205078, 0.10981661081314087, 0.14419978857040405, 0.17726582288742065, 0.19439369440078735, 0.21446067094802856, 0.22432225942611694, 0.1914845108985901, 0.18534749746322632, 0.21563678979873657, 0.2099248766899109, 0.21555620431900024, 0.19741863012313843, 0.19871050119400024, 0.21404099464416504, 0.2105921506881714, 0.22411757707595825, 0.2586634159088135, 0.23676764965057373, 0.2544417977333069, 0.24299973249435425, 0.2200148105621338, 0.2455615997314453, 0.2715016007423401, 0.21205925941467285, 0.22646373510360718, 0.23398327827453613, 0.24782884120941162, 0.23234695196151733, 0.22948378324508667, 0.28063589334487915, 0.23435670137405396, 0.234907865524292, 0.23091620206832886, 0.23896121978759766], [0.2859039306640625, 0.21349912881851196, 0.1225430965423584, 0.048862457275390625, 0.0, 0.035913705825805664, 0.057285964488983154, 0.0824812650680542, 0.11538368463516235, 0.13447868824005127, 0.1529281735420227, 0.1620897650718689, 0.1452423334121704, 0.1458817720413208, 0.16524463891983032, 0.16152054071426392, 0.17064905166625977, 0.16197651624679565, 0.1619313359260559, 0.17581117153167725, 0.1765197515487671, 0.1865789294242859, 0.21379590034484863, 0.20094752311706543, 0.21425879001617432, 0.2080814242362976, 0.19520747661590576, 0.21067708730697632, 0.22859817743301392, 0.19482964277267456, 0.20846861600875854, 0.21101003885269165, 0.2178850769996643, 0.2095097303390503, 0.20611697435379028, 0.2410772442817688, 0.2175261378288269, 0.2194870114326477, 0.2220553159713745, 0.22453755140304565], [0.3084576725959778, 0.23752295970916748, 0.14706510305404663, 0.06957721710205078, 0.035913705825805664, 0.0, 0.04243016242980957, 0.06350117921829224, 0.0881645679473877, 0.10071289539337158, 0.12063562870025635, 0.12781625986099243, 0.10976254940032959, 0.10728722810745239, 0.12770706415176392, 0.12459367513656616, 0.13126081228256226, 0.1230892539024353, 0.12333637475967407, 0.13691961765289307, 0.13805478811264038, 0.1473267674446106, 0.17503774166107178, 0.160414457321167, 0.17396926879882812, 0.16914188861846924, 0.1578252911567688, 0.17217028141021729, 0.18824291229248047, 0.16217339038848877, 0.17292344570159912, 0.17461591958999634, 0.1783907413482666, 0.17425566911697388, 0.17052364349365234, 0.20124560594558716, 0.18445873260498047, 0.18618804216384888, 0.19248324632644653, 0.19220995903015137], [0.3612305521965027, 0.2887376546859741, 0.19775187969207764, 0.10981661081314087, 0.057285964488983154, 0.04243016242980957, 0.0, 0.039231061935424805, 0.052331387996673584, 0.06174558401107788, 0.0758088231086731, 0.0858425498008728, 0.08614683151245117, 0.09166574478149414, 0.09374743700027466, 0.09746074676513672, 0.10229653120040894, 0.10847526788711548, 0.10692477226257324, 0.11780548095703125, 0.12449121475219727, 0.12717288732528687, 0.1398208737373352, 0.13902080059051514, 0.14381980895996094, 0.15055519342422485, 0.14823299646377563, 0.15065938234329224, 0.15674644708633423, 0.1667875051498413, 0.1709076166152954, 0.16599655151367188, 0.16253477334976196, 0.1673029065132141, 0.16194134950637817, 0.1715272068977356, 0.18625670671463013, 0.18639665842056274, 0.2000691294670105, 0.19227397441864014], [0.3925960063934326, 0.32194972038269043, 0.23377865552902222, 0.14419978857040405, 0.0824812650680542, 0.06350117921829224, 0.039231061935424805, 0.0, 0.03857654333114624, 0.052033424377441406, 0.05843913555145264, 0.06177878379821777, 0.07393264770507812, 0.08835208415985107, 0.07872039079666138, 0.07957291603088379, 0.09188365936279297, 0.10427910089492798, 0.10146826505661011, 0.10745376348495483, 0.11818790435791016, 0.1162758469581604, 0.1190919280052185, 0.1302640438079834, 0.1303083896636963, 0.14160209894180298, 0.15112578868865967, 0.1390553116798401, 0.13574981689453125, 0.1762378215789795, 0.17441773414611816, 0.1668875813484192, 0.1582915186882019, 0.1691451072692871, 0.16352629661560059, 0.15270644426345825, 0.19249558448791504, 0.19120413064956665, 0.2117491364479065, 0.19798368215560913], [0.4148828387260437, 0.34788745641708374, 0.26504945755004883, 0.17726582288742065, 0.11538368463516235, 0.0881645679473877, 0.052331387996673584, 0.03857654333114624, 0.0, 0.03827500343322754, 0.04176914691925049, 0.047303855419158936, 0.06794083118438721, 0.0817984938621521, 0.06678611040115356, 0.0728943943977356, 0.07806485891342163, 0.09695237874984741, 0.09678852558135986, 0.10080677270889282, 0.11485624313354492, 0.10892331600189209, 0.10300010442733765, 0.1196642518043518, 0.11475932598114014, 0.13171541690826416, 0.14525920152664185, 0.13023686408996582, 0.12108731269836426, 0.1767175793647766, 0.17394590377807617, 0.16332191228866577, 0.15132123231887817, 0.16582876443862915, 0.15941989421844482, 0.13858282566070557, 0.19412189722061157, 0.19157510995864868, 0.21493947505950928, 0.19828760623931885], [0.4262513518333435, 0.3610655665397644, 0.28130221366882324, 0.19439369440078735, 0.13447868824005127, 0.10071289539337158, 0.06174558401107788, 0.052033424377441406, 0.03827500343322754, 0.0, 0.03863072395324707, 0.04419052600860596, 0.06195622682571411, 0.07388925552368164, 0.05917930603027344, 0.06991034746170044, 0.06923770904541016, 0.08737051486968994, 0.08695971965789795, 0.0941239595413208, 0.10925227403640747, 0.09936344623565674, 0.09128934144973755, 0.10769015550613403, 0.10031026601791382, 0.12006860971450806, 0.1346225142478943, 0.11933296918869019, 0.10941147804260254, 0.16932696104049683, 0.16487354040145874, 0.154279887676239, 0.13776111602783203, 0.15946197509765625, 0.15109944343566895, 0.12701016664505005, 0.1863742470741272, 0.18467038869857788, 0.20942747592926025, 0.19052666425704956], [0.43761807680130005, 0.3736605644226074, 0.2967270612716675, 0.21446067094802856, 0.1529281735420227, 0.12063562870025635, 0.0758088231086731, 0.05843913555145264, 0.04176914691925049, 0.03863072395324707, 0.0, 0.040099918842315674, 0.06479960680007935, 0.08004140853881836, 0.05611419677734375, 0.06614476442337036, 0.0669822096824646, 0.09133905172348022, 0.0884169340133667, 0.09166651964187622, 0.10852134227752686, 0.09717774391174316, 0.082741379737854, 0.10570389032363892, 0.0957443118095398, 0.11830359697341919, 0.13864737749099731, 0.11563867330551147, 0.10026353597640991, 0.17867982387542725, 0.1706174612045288, 0.15765595436096191, 0.13925999402999878, 0.1622830629348755, 0.15405553579330444, 0.11851680278778076, 0.19136899709701538, 0.19028633832931519, 0.21874505281448364, 0.1961333155632019], [0.4502981901168823, 0.3866546154022217, 0.3088226318359375, 0.22432225942611694, 0.1620897650718689, 0.12781625986099243, 0.0858425498008728, 0.06177878379821777, 0.047303855419158936, 0.04419052600860596, 0.040099918842315674, 0.0, 0.05837810039520264, 0.07381606101989746, 0.05017101764678955, 0.057301342487335205, 0.06384819746017456, 0.08489096164703369, 0.0846129059791565, 0.08491390943527222, 0.10139989852905273, 0.08828067779541016, 0.07535439729690552, 0.09846973419189453, 0.08917641639709473, 0.10958009958267212, 0.1337822675704956, 0.1067388653755188, 0.09103447198867798, 0.17562943696975708, 0.16390013694763184, 0.15089839696884155, 0.13114237785339355, 0.15695661306381226, 0.15001386404037476, 0.10894674062728882, 0.18697774410247803, 0.18513339757919312, 0.21553552150726318, 0.1912645697593689], [0.41660845279693604, 0.3496283292770386, 0.26946133375167847, 0.1914845108985901, 0.1452423334121704, 0.10976254940032959, 0.08614683151245117, 0.07393264770507812, 0.06794083118438721, 0.06195622682571411, 0.06479960680007935, 0.05837810039520264, 0.0, 0.048263728618621826, 0.04543042182922363, 0.04361605644226074, 0.04891592264175415, 0.053327977657318115, 0.05244314670562744, 0.05572974681854248, 0.06468755006790161, 0.058858275413513184, 0.06943053007125854, 0.06784558296203613, 0.06863659620285034, 0.07370954751968384, 0.08938908576965332, 0.07577311992645264, 0.07803905010223389, 0.11745381355285645, 0.11363458633422852, 0.10527199506759644, 0.09296411275863647, 0.10863673686981201, 0.10467606782913208, 0.09104180335998535, 0.13367044925689697, 0.13334709405899048, 0.15789157152175903, 0.14021813869476318], [0.4089338183403015, 0.3405842185020447, 0.2606883645057678, 0.18534749746322632, 0.1458817720413208, 0.10728722810745239, 0.09166574478149414, 0.08835208415985107, 0.0817984938621521, 0.07388925552368164, 0.08004140853881836, 0.07381606101989746, 0.048263728618621826, 0.0, 0.048075973987579346, 0.045803189277648926, 0.04423314332962036, 0.036667585372924805, 0.044007837772369385, 0.044340312480926514, 0.04989415407180786, 0.04639977216720581, 0.07161027193069458, 0.054852306842803955, 0.06310242414474487, 0.06037956476211548, 0.06745308637619019, 0.06426244974136353, 0.07542657852172852, 0.09603804349899292, 0.08819520473480225, 0.08201342821121216, 0.07621645927429199, 0.08550846576690674, 0.08587402105331421, 0.08828192949295044, 0.10948526859283447, 0.10800433158874512, 0.1299160122871399, 0.11342644691467285], [0.4370991587638855, 0.3709794878959656, 0.29305726289749146, 0.21563678979873657, 0.16524463891983032, 0.12770706415176392, 0.09374743700027466, 0.07872039079666138, 0.06678611040115356, 0.05917930603027344, 0.05611419677734375, 0.05017101764678955, 0.04543042182922363, 0.048075973987579346, 0.0, 0.03805375099182129, 0.038319528102874756, 0.049942612648010254, 0.04973244667053223, 0.0478442907333374, 0.06196874380111694, 0.051544010639190674, 0.049320757389068604, 0.059114158153533936, 0.05528002977371216, 0.06821960210800171, 0.08987230062484741, 0.06807321310043335, 0.06033504009246826, 0.1296185851097107, 0.1154676079750061, 0.10407251119613647, 0.08761757612228394, 0.11006087064743042, 0.10369110107421875, 0.07344061136245728, 0.13933545351028442, 0.1375088095664978, 0.16830545663833618, 0.14292174577713013], [0.43688976764678955, 0.3694264888763428, 0.2884700298309326, 0.2099248766899109, 0.16152054071426392, 0.12459367513656616, 0.09746074676513672, 0.07957291603088379, 0.0728943943977356, 0.06991034746170044, 0.06614476442337036, 0.057301342487335205, 0.04361605644226074, 0.045803189277648926, 0.03805375099182129, 0.0, 0.0414888858795166, 0.04762232303619385, 0.04547262191772461, 0.04312586784362793, 0.0527498722076416, 0.045727431774139404, 0.05386078357696533, 0.05757880210876465, 0.058084845542907715, 0.06481611728668213, 0.08578711748123169, 0.06334036588668823, 0.05930119752883911, 0.12067896127700806, 0.10814875364303589, 0.0969533920288086, 0.08424985408782959, 0.10134857892990112, 0.09760147333145142, 0.07288861274719238, 0.12939512729644775, 0.12770169973373413, 0.157545268535614, 0.13355916738510132], [0.43031132221221924, 0.36478614807128906, 0.28836870193481445, 0.21555620431900024, 0.17064905166625977, 0.13126081228256226, 0.10229653120040894, 0.09188365936279297, 0.07806485891342163, 0.06923770904541016, 0.0669822096824646, 0.06384819746017456, 0.04891592264175415, 0.04423314332962036, 0.038319528102874756, 0.0414888858795166, 0.0, 0.0399249792098999, 0.04254394769668579, 0.042488038539886475, 0.05098515748977661, 0.04454547166824341, 0.04974550008773804, 0.047496020793914795, 0.04679936170578003, 0.05345571041107178, 0.07044684886932373, 0.05635261535644531, 0.05552870035171509, 0.10576045513153076, 0.09365886449813843, 0.08319973945617676, 0.07097440958023071, 0.0881962776184082, 0.08433717489242554, 0.06726455688476562, 0.11626207828521729, 0.1138678789138794, 0.14352750778198242, 0.12242811918258667], [0.4102156162261963, 0.34341633319854736, 0.2662495970726013, 0.19741863012313843, 0.16197651624679565, 0.1230892539024353, 0.10847526788711548, 0.10427910089492798, 0.09695237874984741, 0.08737051486968994, 0.09133905172348022, 0.08489096164703369, 0.053327977657318115, 0.036667585372924805, 0.049942612648010254, 0.04762232303619385, 0.0399249792098999, 0.0, 0.03791391849517822, 0.03800779581069946, 0.03995871543884277, 0.037917375564575195, 0.06031721830368042, 0.04200953245162964, 0.049789249897003174, 0.04478698968887329, 0.050936102867126465, 0.04944419860839844, 0.06086885929107666, 0.07887619733810425, 0.07031416893005371, 0.06383395195007324, 0.056184589862823486, 0.06811213493347168, 0.06542754173278809, 0.06977587938308716, 0.08842748403549194, 0.08733534812927246, 0.11219161748886108, 0.09489631652832031], [0.41380977630615234, 0.3465733528137207, 0.2686687707901001, 0.19871050119400024, 0.1619313359260559, 0.12333637475967407, 0.10692477226257324, 0.10146826505661011, 0.09678852558135986, 0.08695971965789795, 0.0884169340133667, 0.0846129059791565, 0.05244314670562744, 0.044007837772369385, 0.04973244667053223, 0.04547262191772461, 0.04254394769668579, 0.03791391849517822, 0.0, 0.03681337833404541, 0.03900259733200073, 0.03886514902114868, 0.05874145030975342, 0.04309976100921631, 0.049158453941345215, 0.04818165302276611, 0.055642664432525635, 0.04810124635696411, 0.058556199073791504, 0.0819733738899231, 0.07274472713470459, 0.06453627347946167, 0.060046494007110596, 0.06960517168045044, 0.06729239225387573, 0.06674057245254517, 0.08942091464996338, 0.09036523103713989, 0.11534720659255981, 0.09541356563568115], [0.4276667833328247, 0.36102765798568726, 0.2839727997779846, 0.21404099464416504, 0.17581117153167725, 0.13691961765289307, 0.11780548095703125, 0.10745376348495483, 0.10080677270889282, 0.0941239595413208, 0.09166651964187622, 0.08491390943527222, 0.05572974681854248, 0.044340312480926514, 0.0478442907333374, 0.04312586784362793, 0.042488038539886475, 0.03800779581069946, 0.03681337833404541, 0.0, 0.03701227903366089, 0.034739553928375244, 0.05362337827682495, 0.040171146392822266, 0.04659217596054077, 0.04487502574920654, 0.05974692106246948, 0.045079052448272705, 0.05142104625701904, 0.08938372135162354, 0.07399129867553711, 0.06579649448394775, 0.05899721384048462, 0.06972026824951172, 0.0676378607749939, 0.05955660343170166, 0.09430629014968872, 0.0928841233253479, 0.12102556228637695, 0.09776037931442261], [0.4210144281387329, 0.3541877865791321, 0.27752310037612915, 0.2105921506881714, 0.1765197515487671, 0.13805478811264038, 0.12449121475219727, 0.11818790435791016, 0.11485624313354492, 0.10925227403640747, 0.10852134227752686, 0.10139989852905273, 0.06468755006790161, 0.04989415407180786, 0.06196874380111694, 0.0527498722076416, 0.05098515748977661, 0.03995871543884277, 0.03900259733200073, 0.03701227903366089, 0.0, 0.03761035203933716, 0.06834816932678223, 0.040953874588012695, 0.054840087890625, 0.04323965311050415, 0.051783978939056396, 0.04510718584060669, 0.06283944845199585, 0.07343435287475586, 0.06194484233856201, 0.05442625284194946, 0.05425679683685303, 0.056199610233306885, 0.05810379981994629, 0.06622129678726196, 0.0752667784690857, 0.07566976547241211, 0.09964388608932495, 0.08145177364349365], [0.4331058859825134, 0.3669877052307129, 0.29282552003860474, 0.22411757707595825, 0.1865789294242859, 0.1473267674446106, 0.12717288732528687, 0.1162758469581604, 0.10892331600189209, 0.09936344623565674, 0.09717774391174316, 0.08828067779541016, 0.058858275413513184, 0.04639977216720581, 0.051544010639190674, 0.045727431774139404, 0.04454547166824341, 0.037917375564575195, 0.03886514902114868, 0.034739553928375244, 0.03761035203933716, 0.0, 0.05139768123626709, 0.037783145904541016, 0.04154413938522339, 0.03887516260147095, 0.05443519353866577, 0.03899663686752319, 0.04851412773132324, 0.08604753017425537, 0.0703766942024231, 0.06008237600326538, 0.052079081535339355, 0.06464540958404541, 0.06428313255310059, 0.055819809436798096, 0.08896470069885254, 0.0866958498954773, 0.1167040467262268, 0.0923926830291748], [0.4592493176460266, 0.3971431851387024, 0.3275099992752075, 0.2586634159088135, 0.21379590034484863, 0.17503774166107178, 0.1398208737373352, 0.1190919280052185, 0.10300010442733765, 0.09128934144973755, 0.082741379737854, 0.07535439729690552, 0.06943053007125854, 0.07161027193069458, 0.049320757389068604, 0.05386078357696533, 0.04974550008773804, 0.06031721830368042, 0.05874145030975342, 0.05362337827682495, 0.06834816932678223, 0.05139768123626709, 0.0, 0.05382263660430908, 0.04539215564727783, 0.06180208921432495, 0.08754414319992065, 0.05777055025100708, 0.043367743492126465, 0.1342526078224182, 0.1106993556022644, 0.09604555368423462, 0.07733243703842163, 0.10496252775192261, 0.09472900629043579, 0.05354577302932739, 0.13429975509643555, 0.13146156072616577, 0.16776001453399658, 0.13558822870254517], [0.4380453824996948, 0.37462031841278076, 0.3023587465286255, 0.23676764965057373, 0.20094752311706543, 0.160414457321167, 0.13902080059051514, 0.1302640438079834, 0.1196642518043518, 0.10769015550613403, 0.10570389032363892, 0.09846973419189453, 0.06784558296203613, 0.054852306842803955, 0.059114158153533936, 0.05757880210876465, 0.047496020793914795, 0.04200953245162964, 0.04309976100921631, 0.040171146392822266, 0.040953874588012695, 0.037783145904541016, 0.05382263660430908, 0.0, 0.039620041847229004, 0.03573077917098999, 0.047218382358551025, 0.03788256645202637, 0.04783874750137329, 0.07942306995391846, 0.06216305494308472, 0.05270683765411377, 0.045177459716796875, 0.0585942268371582, 0.05686664581298828, 0.05288594961166382, 0.08232676982879639, 0.08033245801925659, 0.10865288972854614, 0.08506006002426147], [0.45419424772262573, 0.39214038848876953, 0.3217277526855469, 0.2544417977333069, 0.21425879001617432, 0.17396926879882812, 0.14381980895996094, 0.1303083896636963, 0.11475932598114014, 0.10031026601791382, 0.0957443118095398, 0.08917641639709473, 0.06863659620285034, 0.06310242414474487, 0.05528002977371216, 0.058084845542907715, 0.04679936170578003, 0.049789249897003174, 0.049158453941345215, 0.04659217596054077, 0.054840087890625, 0.04154413938522339, 0.04539215564727783, 0.039620041847229004, 0.0, 0.042849719524383545, 0.061162590980529785, 0.041828274726867676, 0.041760802268981934, 0.10194146633148193, 0.08371013402938843, 0.0693245530128479, 0.05543261766433716, 0.07665425539016724, 0.0711519718170166, 0.04920673370361328, 0.10447913408279419, 0.10347533226013184, 0.13598865270614624, 0.10664868354797363], [0.44051480293273926, 0.3777865767478943, 0.30724602937698364, 0.24299973249435425, 0.2080814242362976, 0.16914188861846924, 0.15055519342422485, 0.14160209894180298, 0.13171541690826416, 0.12006860971450806, 0.11830359697341919, 0.10958009958267212, 0.07370954751968384, 0.06037956476211548, 0.06821960210800171, 0.06481611728668213, 0.05345571041107178, 0.04478698968887329, 0.04818165302276611, 0.04487502574920654, 0.04323965311050415, 0.03887516260147095, 0.06180208921432495, 0.03573077917098999, 0.042849719524383545, 0.0, 0.044698119163513184, 0.03658473491668701, 0.051805317401885986, 0.07389068603515625, 0.05944293737411499, 0.0486946702003479, 0.04274189472198486, 0.053901851177215576, 0.054966747760772705, 0.053981781005859375, 0.0743105411529541, 0.07435882091522217, 0.10194069147109985, 0.07997262477874756], [0.4105791449546814, 0.3484486937522888, 0.27769529819488525, 0.2200148105621338, 0.19520747661590576, 0.1578252911567688, 0.14823299646377563, 0.15112578868865967, 0.14525920152664185, 0.1346225142478943, 0.13864737749099731, 0.1337822675704956, 0.08938908576965332, 0.06745308637619019, 0.08987230062484741, 0.08578711748123169, 0.07044684886932373, 0.050936102867126465, 0.055642664432525635, 0.05974692106246948, 0.051783978939056396, 0.05443519353866577, 0.08754414319992065, 0.047218382358551025, 0.061162590980529785, 0.044698119163513184, 0.0, 0.04845672845840454, 0.0767596960067749, 0.0490686297416687, 0.0416872501373291, 0.039932191371917725, 0.04217994213104248, 0.04272794723510742, 0.0429801344871521, 0.07605773210525513, 0.053712427616119385, 0.05467665195465088, 0.0707085132598877, 0.06120502948760986], [0.44400614500045776, 0.38049113750457764, 0.30962979793548584, 0.2455615997314453, 0.21067708730697632, 0.17217028141021729, 0.15065938234329224, 0.1390553116798401, 0.13023686408996582, 0.11933296918869019, 0.11563867330551147, 0.1067388653755188, 0.07577311992645264, 0.06426244974136353, 0.06807321310043335, 0.06334036588668823, 0.05635261535644531, 0.04944419860839844, 0.04810124635696411, 0.045079052448272705, 0.04510718584060669, 0.03899663686752319, 0.05777055025100708, 0.03788256645202637, 0.041828274726867676, 0.03658473491668701, 0.04845672845840454, 0.0, 0.04594606161117554, 0.08053791522979736, 0.061892151832580566, 0.05111461877822876, 0.044544875621795654, 0.056864380836486816, 0.05608624219894409, 0.04948240518569946, 0.07793360948562622, 0.07681983709335327, 0.10682964324951172, 0.08248209953308105], [0.46873408555984497, 0.407792329788208, 0.3387277126312256, 0.2715016007423401, 0.22859817743301392, 0.18824291229248047, 0.15674644708633423, 0.13574981689453125, 0.12108731269836426, 0.10941147804260254, 0.10026353597640991, 0.09103447198867798, 0.07803905010223389, 0.07542657852172852, 0.06033504009246826, 0.05930119752883911, 0.05552870035171509, 0.06086885929107666, 0.058556199073791504, 0.05142104625701904, 0.06283944845199585, 0.04851412773132324, 0.043367743492126465, 0.04783874750137329, 0.041760802268981934, 0.051805317401885986, 0.0767596960067749, 0.04594606161117554, 0.0, 0.11943572759628296, 0.0954662561416626, 0.08078378438949585, 0.06286370754241943, 0.08924001455307007, 0.08290588855743408, 0.04481184482574463, 0.11650657653808594, 0.1150166392326355, 0.15100538730621338, 0.11846011877059937], [0.38533318042755127, 0.3279644250869751, 0.2619423270225525, 0.21205925941467285, 0.19482964277267456, 0.16217339038848877, 0.1667875051498413, 0.1762378215789795, 0.1767175793647766, 0.16932696104049683, 0.17867982387542725, 0.17562943696975708, 0.11745381355285645, 0.09603804349899292, 0.1296185851097107, 0.12067896127700806, 0.10576045513153076, 0.07887619733810425, 0.0819733738899231, 0.08938372135162354, 0.07343435287475586, 0.08604753017425537, 0.1342526078224182, 0.07942306995391846, 0.10194146633148193, 0.07389068603515625, 0.0490686297416687, 0.08053791522979736, 0.11943572759628296, 0.0, 0.04688841104507446, 0.050975799560546875, 0.06448787450790405, 0.04867678880691528, 0.05139559507369995, 0.113919198513031, 0.04742288589477539, 0.05036747455596924, 0.05258458852767944, 0.05667555332183838], [0.4061622619628906, 0.34388625621795654, 0.2768077850341797, 0.22646373510360718, 0.20846861600875854, 0.17292344570159912, 0.1709076166152954, 0.17441773414611816, 0.17394590377807617, 0.16487354040145874, 0.1706174612045288, 0.16390013694763184, 0.11363458633422852, 0.08819520473480225, 0.1154676079750061, 0.10814875364303589, 0.09365886449813843, 0.07031416893005371, 0.07274472713470459, 0.07399129867553711, 0.06194484233856201, 0.0703766942024231, 0.1106993556022644, 0.06216305494308472, 0.08371013402938843, 0.05944293737411499, 0.0416872501373291, 0.061892151832580566, 0.0954662561416626, 0.04688841104507446, 0.0, 0.03353464603424072, 0.045575082302093506, 0.0349656343460083, 0.03788191080093384, 0.08665972948074341, 0.03715646266937256, 0.036853015422821045, 0.0498504638671875, 0.041047096252441406], [0.4205583333969116, 0.3578221797943115, 0.2888239622116089, 0.23398327827453613, 0.21101003885269165, 0.17461591958999634, 0.16599655151367188, 0.1668875813484192, 0.16332191228866577, 0.154279887676239, 0.15765595436096191, 0.15089839696884155, 0.10527199506759644, 0.08201342821121216, 0.10407251119613647, 0.0969533920288086, 0.08319973945617676, 0.06383395195007324, 0.06453627347946167, 0.06579649448394775, 0.05442625284194946, 0.06008237600326538, 0.09604555368423462, 0.05270683765411377, 0.0693245530128479, 0.0486946702003479, 0.039932191371917725, 0.05111461877822876, 0.08078378438949585, 0.050975799560546875, 0.03353464603424072, 0.0, 0.03817969560623169, 0.03371614217758179, 0.03401368856430054, 0.0726240873336792, 0.04173707962036133, 0.040556371212005615, 0.05965113639831543, 0.0436553955078125], [0.4385358691215515, 0.3763508200645447, 0.30706721544265747, 0.24782884120941162, 0.2178850769996643, 0.1783907413482666, 0.16253477334976196, 0.1582915186882019, 0.15132123231887817, 0.13776111602783203, 0.13925999402999878, 0.13114237785339355, 0.09296411275863647, 0.07621645927429199, 0.08761757612228394, 0.08424985408782959, 0.07097440958023071, 0.056184589862823486, 0.060046494007110596, 0.05899721384048462, 0.05425679683685303, 0.052079081535339355, 0.07733243703842163, 0.045177459716796875, 0.05543261766433716, 0.04274189472198486, 0.04217994213104248, 0.044544875621795654, 0.06286370754241943, 0.06448787450790405, 0.045575082302093506, 0.03817969560623169, 0.0, 0.04319429397583008, 0.039787471294403076, 0.05522000789642334, 0.05476737022399902, 0.05642586946487427, 0.08157068490982056, 0.06075233221054077], [0.418706476688385, 0.35656243562698364, 0.2875673770904541, 0.23234695196151733, 0.2095097303390503, 0.17425566911697388, 0.1673029065132141, 0.1691451072692871, 0.16582876443862915, 0.15946197509765625, 0.1622830629348755, 0.15695661306381226, 0.10863673686981201, 0.08550846576690674, 0.11006087064743042, 0.10134857892990112, 0.0881962776184082, 0.06811213493347168, 0.06960517168045044, 0.06972026824951172, 0.056199610233306885, 0.06464540958404541, 0.10496252775192261, 0.0585942268371582, 0.07665425539016724, 0.053901851177215576, 0.04272794723510742, 0.056864380836486816, 0.08924001455307007, 0.04867678880691528, 0.0349656343460083, 0.03371614217758179, 0.04319429397583008, 0.0, 0.03429025411605835, 0.07764077186584473, 0.03897297382354736, 0.037451744079589844, 0.05354344844818115, 0.04224193096160889], [0.41533201932907104, 0.35340631008148193, 0.28493988513946533, 0.22948378324508667, 0.20611697435379028, 0.17052364349365234, 0.16194134950637817, 0.16352629661560059, 0.15941989421844482, 0.15109944343566895, 0.15405553579330444, 0.15001386404037476, 0.10467606782913208, 0.08587402105331421, 0.10369110107421875, 0.09760147333145142, 0.08433717489242554, 0.06542754173278809, 0.06729239225387573, 0.0676378607749939, 0.05810379981994629, 0.06428313255310059, 0.09472900629043579, 0.05686664581298828, 0.0711519718170166, 0.054966747760772705, 0.0429801344871521, 0.05608624219894409, 0.08290588855743408, 0.05139559507369995, 0.03788191080093384, 0.03401368856430054, 0.039787471294403076, 0.03429025411605835, 0.0, 0.06962913274765015, 0.041937410831451416, 0.04022914171218872, 0.057781338691711426, 0.04355943202972412], [0.47195494174957275, 0.4111970067024231, 0.3447335958480835, 0.28063589334487915, 0.2410772442817688, 0.20124560594558716, 0.1715272068977356, 0.15270644426345825, 0.13858282566070557, 0.12701016664505005, 0.11851680278778076, 0.10894674062728882, 0.09104180335998535, 0.08828192949295044, 0.07344061136245728, 0.07288861274719238, 0.06726455688476562, 0.06977587938308716, 0.06674057245254517, 0.05955660343170166, 0.06622129678726196, 0.055819809436798096, 0.05354577302932739, 0.05288594961166382, 0.04920673370361328, 0.053981781005859375, 0.07605773210525513, 0.04948240518569946, 0.04481184482574463, 0.113919198513031, 0.08665972948074341, 0.0726240873336792, 0.05522000789642334, 0.07764077186584473, 0.06962913274765015, 0.0, 0.10257863998413086, 0.1012219786643982, 0.1370861530303955, 0.10313683748245239], [0.4076598882675171, 0.347245991230011, 0.282132089138031, 0.23435670137405396, 0.2175261378288269, 0.18445873260498047, 0.18625670671463013, 0.19249558448791504, 0.19412189722061157, 0.1863742470741272, 0.19136899709701538, 0.18697774410247803, 0.13367044925689697, 0.10948526859283447, 0.13933545351028442, 0.12939512729644775, 0.11626207828521729, 0.08842748403549194, 0.08942091464996338, 0.09430629014968872, 0.0752667784690857, 0.08896470069885254, 0.13429975509643555, 0.08232676982879639, 0.10447913408279419, 0.0743105411529541, 0.053712427616119385, 0.07793360948562622, 0.11650657653808594, 0.04742288589477539, 0.03715646266937256, 0.04173707962036133, 0.05476737022399902, 0.03897297382354736, 0.041937410831451416, 0.10257863998413086, 0.0, 0.031032145023345947, 0.03898566961288452, 0.034787118434906006], [0.4095025658607483, 0.3477320075035095, 0.28234750032424927, 0.234907865524292, 0.2194870114326477, 0.18618804216384888, 0.18639665842056274, 0.19120413064956665, 0.19157510995864868, 0.18467038869857788, 0.19028633832931519, 0.18513339757919312, 0.13334709405899048, 0.10800433158874512, 0.1375088095664978, 0.12770169973373413, 0.1138678789138794, 0.08733534812927246, 0.09036523103713989, 0.0928841233253479, 0.07566976547241211, 0.0866958498954773, 0.13146156072616577, 0.08033245801925659, 0.10347533226013184, 0.07435882091522217, 0.05467665195465088, 0.07681983709335327, 0.1150166392326355, 0.05036747455596924, 0.036853015422821045, 0.040556371212005615, 0.05642586946487427, 0.037451744079589844, 0.04022914171218872, 0.1012219786643982, 0.031032145023345947, 0.0, 0.03875666856765747, 0.034124016761779785], [0.3902019262313843, 0.33211421966552734, 0.2711643576622009, 0.23091620206832886, 0.2220553159713745, 0.19248324632644653, 0.2000691294670105, 0.2117491364479065, 0.21493947505950928, 0.20942747592926025, 0.21874505281448364, 0.21553552150726318, 0.15789157152175903, 0.1299160122871399, 0.16830545663833618, 0.157545268535614, 0.14352750778198242, 0.11219161748886108, 0.11534720659255981, 0.12102556228637695, 0.09964388608932495, 0.1167040467262268, 0.16776001453399658, 0.10865288972854614, 0.13598865270614624, 0.10194069147109985, 0.0707085132598877, 0.10682964324951172, 0.15100538730621338, 0.05258458852767944, 0.0498504638671875, 0.05965113639831543, 0.08157068490982056, 0.05354344844818115, 0.057781338691711426, 0.1370861530303955, 0.03898566961288452, 0.03875666856765747, 0.0, 0.03954875469207764], [0.41051530838012695, 0.3488816022872925, 0.2850046753883362, 0.23896121978759766, 0.22453755140304565, 0.19220995903015137, 0.19227397441864014, 0.19798368215560913, 0.19828760623931885, 0.19052666425704956, 0.1961333155632019, 0.1912645697593689, 0.14021813869476318, 0.11342644691467285, 0.14292174577713013, 0.13355916738510132, 0.12242811918258667, 0.09489631652832031, 0.09541356563568115, 0.09776037931442261, 0.08145177364349365, 0.0923926830291748, 0.13558822870254517, 0.08506006002426147, 0.10664868354797363, 0.07997262477874756, 0.06120502948760986, 0.08248209953308105, 0.11846011877059937, 0.05667555332183838, 0.041047096252441406, 0.0436553955078125, 0.06075233221054077, 0.04224193096160889, 0.04355943202972412, 0.10313683748245239, 0.034787118434906006, 0.034124016761779785, 0.03954875469207764, 0.0]], "losses": [2.9822826385498047, 2.9103047847747803, 2.676210880279541, 2.6810812950134277, 2.581608533859253, 2.5496041774749756, 2.5476248264312744, 2.5487020015716553, 2.529871702194214, 2.533348560333252, 2.533954620361328, 2.5519795417785645, 2.4867756366729736, 2.5634357929229736, 2.5728750228881836, 2.5063657760620117, 2.3132853507995605, 2.4498560428619385, 2.5060951709747314, 2.489074468612671, 2.5684595108032227, 2.5211212635040283, 2.473210096359253, 2.5299766063690186, 2.5186703205108643, 2.458585739135742, 2.4560418128967285, 2.506927728652954, 2.493838310241699, 2.5263049602508545, 2.479782819747925, 2.5338103771209717, 2.362029790878296, 2.4342894554138184, 2.483196258544922, 2.425504446029663, 2.2392077445983887, 2.485887289047241, 2.334965229034424, 2.4737660884857178], "div_coeff_mu": 0.13581965473982005, "div_coeff_var": 0.10324417304175955, "num_tasks": 40, "eval_loss": 2.412589693069458}