{"distance_matrix": [[0.0, 0.047687828540802, 0.12099188566207886, 0.19891411066055298, 0.26050394773483276, 0.28263044357299805, 0.3376571536064148, 0.3637789487838745, 0.4051392674446106, 0.40988796949386597, 0.40022486448287964, 0.401760458946228, 0.38585615158081055, 0.4092620611190796, 0.39354652166366577, 0.40614885091781616, 0.3861766457557678, 0.418437659740448, 0.4132080078125, 0.4048965573310852, 0.4399194121360779, 0.40579754114151, 0.3875792622566223, 0.3843708038330078, 0.38351351022720337, 0.38950663805007935, 0.391323983669281, 0.3832642436027527, 0.36270272731781006, 0.37873244285583496, 0.366433322429657, 0.4041271209716797, 0.38834744691848755, 0.4304634928703308, 0.43819284439086914, 0.4026147127151489, 0.3977137804031372, 0.42733144760131836, 0.39972126483917236, 0.42398297786712646], [0.047687828540802, 0.0, 0.059217631816864014, 0.12720578908920288, 0.1892615556716919, 0.21470844745635986, 0.2782011032104492, 0.30548906326293945, 0.3541399836540222, 0.36147600412368774, 0.3477626442909241, 0.3477937579154968, 0.3281704783439636, 0.357529878616333, 0.33550578355789185, 0.3526824116706848, 0.3288171887397766, 0.36717289686203003, 0.35935062170028687, 0.3494601845741272, 0.3923443555831909, 0.3498125672340393, 0.3290804624557495, 0.32459908723831177, 0.32452648878097534, 0.33136802911758423, 0.3330703377723694, 0.32433247566223145, 0.3014276623725891, 0.3187771439552307, 0.30724722146987915, 0.3479154109954834, 0.330500066280365, 0.37966036796569824, 0.3891735076904297, 0.3468531370162964, 0.34207630157470703, 0.37542515993118286, 0.34395402669906616, 0.3711280822753906], [0.12099188566207886, 0.059217631816864014, 0.0, 0.049477577209472656, 0.10343867540359497, 0.12786734104156494, 0.18982678651809692, 0.21745312213897705, 0.2713810205459595, 0.28021275997161865, 0.2656046152114868, 0.2663344740867615, 0.24457889795303345, 0.277988076210022, 0.2568245530128479, 0.27437329292297363, 0.25323545932769775, 0.29096323251724243, 0.2833435535430908, 0.2759842276573181, 0.3191908001899719, 0.2753828763961792, 0.25786811113357544, 0.2533807158470154, 0.25599241256713867, 0.26263606548309326, 0.2683485150337219, 0.26057958602905273, 0.23906975984573364, 0.25512945652008057, 0.24911218881607056, 0.2801077365875244, 0.2662057876586914, 0.3125840425491333, 0.3227244019508362, 0.28284960985183716, 0.28043925762176514, 0.31095367670059204, 0.28241145610809326, 0.30791884660720825], [0.19891411066055298, 0.12720578908920288, 0.049477577209472656, 0.0, 0.04754030704498291, 0.0634048581123352, 0.116690993309021, 0.14140957593917847, 0.19607073068618774, 0.20651161670684814, 0.19046247005462646, 0.19187945127487183, 0.1713547706604004, 0.2073829174041748, 0.18858176469802856, 0.2043900489807129, 0.18825238943099976, 0.22214490175247192, 0.21654236316680908, 0.21235692501068115, 0.2517821192741394, 0.21137583255767822, 0.1977219581604004, 0.19369769096374512, 0.20015007257461548, 0.20506566762924194, 0.21332448720932007, 0.20835506916046143, 0.19100987911224365, 0.20268088579177856, 0.20165330171585083, 0.222273051738739, 0.21226680278778076, 0.2519603967666626, 0.2630830407142639, 0.229167640209198, 0.22797554731369019, 0.2540225386619568, 0.23071038722991943, 0.2513161897659302], [0.26050394773483276, 0.1892615556716919, 0.10343867540359497, 0.04754030704498291, 0.0, 0.03533589839935303, 0.06894010305404663, 0.08575522899627686, 0.1403583288192749, 0.15210700035095215, 0.13587355613708496, 0.13623815774917603, 0.12339174747467041, 0.15703415870666504, 0.1385018229484558, 0.1546667218208313, 0.14782708883285522, 0.17375969886779785, 0.17216795682907104, 0.16740673780441284, 0.2033149003982544, 0.16943931579589844, 0.16207069158554077, 0.16109579801559448, 0.16612958908081055, 0.17081457376480103, 0.17963290214538574, 0.1761852502822876, 0.1676114797592163, 0.17438995838165283, 0.1742904782295227, 0.1895650029182434, 0.18118655681610107, 0.21246469020843506, 0.22325104475021362, 0.19711607694625854, 0.19797229766845703, 0.2162572741508484, 0.20278900861740112, 0.2165507674217224], [0.28263044357299805, 0.21470844745635986, 0.12786734104156494, 0.0634048581123352, 0.03533589839935303, 0.0, 0.05685925483703613, 0.07178270816802979, 0.12257671356201172, 0.13270902633666992, 0.11617791652679443, 0.11792314052581787, 0.1046903133392334, 0.137894868850708, 0.1224677562713623, 0.13647693395614624, 0.1311754584312439, 0.15540724992752075, 0.1543378233909607, 0.1524590253829956, 0.18477386236190796, 0.15234363079071045, 0.14774280786514282, 0.14696061611175537, 0.15514260530471802, 0.1595689058303833, 0.16893541812896729, 0.16781949996948242, 0.15974640846252441, 0.16559141874313354, 0.16604751348495483, 0.1770053505897522, 0.16948652267456055, 0.19739699363708496, 0.2067357301712036, 0.1857680082321167, 0.1862761378288269, 0.2017441987991333, 0.1911577582359314, 0.20271694660186768], [0.3376571536064148, 0.2782011032104492, 0.18982678651809692, 0.116690993309021, 0.06894010305404663, 0.05685925483703613, 0.0, 0.03304111957550049, 0.05292916297912598, 0.06457263231277466, 0.0583685040473938, 0.06502294540405273, 0.06792396306991577, 0.0799599289894104, 0.09321796894073486, 0.08938342332839966, 0.11019682884216309, 0.10078227519989014, 0.11394304037094116, 0.11984264850616455, 0.12174409627914429, 0.12847739458084106, 0.1371309757232666, 0.14555007219314575, 0.1535094976425171, 0.15141832828521729, 0.16638100147247314, 0.16915899515151978, 0.17420804500579834, 0.17187738418579102, 0.18727010488510132, 0.1644042730331421, 0.1666320562362671, 0.16204959154129028, 0.1625913381576538, 0.18234753608703613, 0.18160992860794067, 0.17586326599121094, 0.18962067365646362, 0.1848585605621338], [0.3637789487838745, 0.30548906326293945, 0.21745312213897705, 0.14140957593917847, 0.08575522899627686, 0.07178270816802979, 0.03304111957550049, 0.0, 0.04331529140472412, 0.051928043365478516, 0.04459482431411743, 0.046788692474365234, 0.053623974323272705, 0.06161552667617798, 0.07294583320617676, 0.07110047340393066, 0.09232640266418457, 0.08112531900405884, 0.09228599071502686, 0.10046994686126709, 0.09871846437454224, 0.10659700632095337, 0.11978483200073242, 0.12958437204360962, 0.13621282577514648, 0.13394349813461304, 0.14796823263168335, 0.15266036987304688, 0.16290998458862305, 0.15799760818481445, 0.17724597454071045, 0.14607113599777222, 0.15091079473495483, 0.1389588713645935, 0.14050734043121338, 0.1640511155128479, 0.1642853021621704, 0.1546381115913391, 0.1736546754837036, 0.16431140899658203], [0.4051392674446106, 0.3541399836540222, 0.2713810205459595, 0.19607073068618774, 0.1403583288192749, 0.12257671356201172, 0.05292916297912598, 0.04331529140472412, 0.0, 0.03721529245376587, 0.039254844188690186, 0.04464536905288696, 0.061163127422332764, 0.05216026306152344, 0.08566683530807495, 0.06929659843444824, 0.10608100891113281, 0.07108926773071289, 0.09167861938476562, 0.1067160964012146, 0.08251982927322388, 0.11851316690444946, 0.13835430145263672, 0.1544344425201416, 0.16161322593688965, 0.15454024076461792, 0.17131531238555908, 0.1806676983833313, 0.19581586122512817, 0.18676799535751343, 0.2138962745666504, 0.16267406940460205, 0.17403638362884521, 0.1410028338432312, 0.1369045376777649, 0.18726229667663574, 0.18674731254577637, 0.16247278451919556, 0.19635844230651855, 0.1771222949028015], [0.40988796949386597, 0.36147600412368774, 0.28021275997161865, 0.20651161670684814, 0.15210700035095215, 0.13270902633666992, 0.06457263231277466, 0.051928043365478516, 0.03721529245376587, 0.0, 0.04191923141479492, 0.04582184553146362, 0.06256598234176636, 0.05092501640319824, 0.0846661925315857, 0.0691901445388794, 0.10366326570510864, 0.06780439615249634, 0.08769315481185913, 0.10107272863388062, 0.07634294033050537, 0.11413300037384033, 0.13543814420700073, 0.15484905242919922, 0.15937060117721558, 0.15169018507003784, 0.16892701387405396, 0.1795198917388916, 0.19676214456558228, 0.1868044137954712, 0.2143406867980957, 0.16174399852752686, 0.17230522632598877, 0.13616102933883667, 0.13301652669906616, 0.18574845790863037, 0.18409180641174316, 0.15717041492462158, 0.1942870020866394, 0.17482131719589233], [0.40022486448287964, 0.3477626442909241, 0.2656046152114868, 0.19046247005462646, 0.13587355613708496, 0.11617791652679443, 0.0583685040473938, 0.04459482431411743, 0.039254844188690186, 0.04191923141479492, 0.0, 0.03733319044113159, 0.04771459102630615, 0.043991148471832275, 0.06465578079223633, 0.055642664432525635, 0.08410924673080444, 0.05664622783660889, 0.07249706983566284, 0.08291494846343994, 0.0662035346031189, 0.09543120861053467, 0.11303508281707764, 0.12778246402740479, 0.13553941249847412, 0.12805414199829102, 0.14396876096725464, 0.15169799327850342, 0.1697351336479187, 0.15879017114639282, 0.18591588735580444, 0.13789153099060059, 0.14568042755126953, 0.11883926391601562, 0.11373752355575562, 0.15892577171325684, 0.15983426570892334, 0.13715916872024536, 0.16924363374710083, 0.15148615837097168], [0.401760458946228, 0.3477937579154968, 0.2663344740867615, 0.19187945127487183, 0.13623815774917603, 0.11792314052581787, 0.06502294540405273, 0.046788692474365234, 0.04464536905288696, 0.04582184553146362, 0.03733319044113159, 0.0, 0.036758363246917725, 0.03474760055541992, 0.053337275981903076, 0.04320359230041504, 0.06814330816268921, 0.04635363817214966, 0.05880695581436157, 0.06973040103912354, 0.05840349197387695, 0.07594096660614014, 0.09536725282669067, 0.10946357250213623, 0.11731207370758057, 0.11040198802947998, 0.1254408359527588, 0.1350862979888916, 0.15196245908737183, 0.14250314235687256, 0.17106902599334717, 0.11905109882354736, 0.13038289546966553, 0.10037463903427124, 0.09859699010848999, 0.14075005054473877, 0.14277780055999756, 0.11962658166885376, 0.15196478366851807, 0.13249021768569946], [0.38585615158081055, 0.3281704783439636, 0.24457889795303345, 0.1713547706604004, 0.12339174747467041, 0.1046903133392334, 0.06792396306991577, 0.053623974323272705, 0.061163127422332764, 0.06256598234176636, 0.04771459102630615, 0.036758363246917725, 0.0, 0.04012191295623779, 0.04538440704345703, 0.04176992177963257, 0.05418276786804199, 0.04687762260437012, 0.051145851612091064, 0.06018662452697754, 0.061763882637023926, 0.05996125936508179, 0.07576549053192139, 0.08557510375976562, 0.09533655643463135, 0.08908915519714355, 0.10528409481048584, 0.11468076705932617, 0.12511229515075684, 0.1181841492652893, 0.14555656909942627, 0.0968828797340393, 0.10900479555130005, 0.08860069513320923, 0.08938336372375488, 0.11972993612289429, 0.1220654845237732, 0.10464984178543091, 0.12993985414505005, 0.11457401514053345], [0.4092620611190796, 0.357529878616333, 0.277988076210022, 0.2073829174041748, 0.15703415870666504, 0.137894868850708, 0.0799599289894104, 0.06161552667617798, 0.05216026306152344, 0.05092501640319824, 0.043991148471832275, 0.03474760055541992, 0.04012191295623779, 0.0, 0.05752205848693848, 0.04193735122680664, 0.07043570280075073, 0.03969728946685791, 0.054668426513671875, 0.06519192457199097, 0.04813879728317261, 0.07321792840957642, 0.09341341257095337, 0.11079871654510498, 0.11711138486862183, 0.10990577936172485, 0.12595891952514648, 0.13648658990859985, 0.1543787121772766, 0.1434229612350464, 0.17535662651062012, 0.11524301767349243, 0.1287606954574585, 0.09389621019363403, 0.08785748481750488, 0.13957703113555908, 0.14140784740447998, 0.11377382278442383, 0.15051347017288208, 0.12782245874404907], [0.39354652166366577, 0.33550578355789185, 0.2568245530128479, 0.18858176469802856, 0.1385018229484558, 0.1224677562713623, 0.09321796894073486, 0.07294583320617676, 0.08566683530807495, 0.0846661925315857, 0.06465578079223633, 0.053337275981903076, 0.04538440704345703, 0.05752205848693848, 0.0, 0.04625344276428223, 0.04898768663406372, 0.05110335350036621, 0.04181736707687378, 0.0464017391204834, 0.06059157848358154, 0.04975992441177368, 0.058042168617248535, 0.06969964504241943, 0.07126718759536743, 0.06905585527420044, 0.0781395435333252, 0.08492279052734375, 0.10360968112945557, 0.09450000524520874, 0.12010359764099121, 0.08397752046585083, 0.08552825450897217, 0.07207387685775757, 0.07504051923751831, 0.09376579523086548, 0.096585214138031, 0.08361554145812988, 0.1051287055015564, 0.09323859214782715], [0.40614885091781616, 0.3526824116706848, 0.27437329292297363, 0.2043900489807129, 0.1546667218208313, 0.13647693395614624, 0.08938342332839966, 0.07110047340393066, 0.06929659843444824, 0.0691901445388794, 0.055642664432525635, 0.04320359230041504, 0.04176992177963257, 0.04193735122680664, 0.04625344276428223, 0.0, 0.04663640260696411, 0.04291456937789917, 0.04702866077423096, 0.05488032102584839, 0.051284074783325195, 0.05771183967590332, 0.07151597738265991, 0.08709615468978882, 0.09481948614120483, 0.08810102939605713, 0.10154783725738525, 0.11143290996551514, 0.1279085874557495, 0.11940503120422363, 0.14858901500701904, 0.09595829248428345, 0.10583090782165527, 0.07852941751480103, 0.07655346393585205, 0.1158021092414856, 0.1157757043838501, 0.09501093626022339, 0.12616252899169922, 0.10704934597015381], [0.3861766457557678, 0.3288171887397766, 0.25323545932769775, 0.18825238943099976, 0.14782708883285522, 0.1311754584312439, 0.11019682884216309, 0.09232640266418457, 0.10608100891113281, 0.10366326570510864, 0.08410924673080444, 0.06814330816268921, 0.05418276786804199, 0.07043570280075073, 0.04898768663406372, 0.04663640260696411, 0.0, 0.06244373321533203, 0.04947012662887573, 0.050709664821624756, 0.07337486743927002, 0.04818594455718994, 0.05117827653884888, 0.059873223304748535, 0.06814277172088623, 0.06236135959625244, 0.0738268494606018, 0.08333635330200195, 0.09288167953491211, 0.08712410926818848, 0.11152267456054688, 0.07370245456695557, 0.08048802614212036, 0.06900078058242798, 0.07895767688751221, 0.08858931064605713, 0.08866363763809204, 0.08037841320037842, 0.09497964382171631, 0.08552110195159912], [0.418437659740448, 0.36717289686203003, 0.29096323251724243, 0.22214490175247192, 0.17375969886779785, 0.15540724992752075, 0.10078227519989014, 0.08112531900405884, 0.07108926773071289, 0.06780439615249634, 0.05664622783660889, 0.04635363817214966, 0.04687762260437012, 0.03969728946685791, 0.05110335350036621, 0.04291456937789917, 0.06244373321533203, 0.0, 0.041424691677093506, 0.050125837326049805, 0.03983968496322632, 0.05755692720413208, 0.07609885931015015, 0.09209716320037842, 0.09699231386184692, 0.08833372592926025, 0.10335254669189453, 0.11492729187011719, 0.13524794578552246, 0.1213310956954956, 0.15628403425216675, 0.09281140565872192, 0.10722023248672485, 0.06927138566970825, 0.06520259380340576, 0.11559861898422241, 0.11765003204345703, 0.08920007944107056, 0.1266215443611145, 0.10290229320526123], [0.4132080078125, 0.35935062170028687, 0.2833435535430908, 0.21654236316680908, 0.17216795682907104, 0.1543378233909607, 0.11394304037094116, 0.09228599071502686, 0.09167861938476562, 0.08769315481185913, 0.07249706983566284, 0.05880695581436157, 0.051145851612091064, 0.054668426513671875, 0.04181736707687378, 0.04702866077423096, 0.04947012662887573, 0.041424691677093506, 0.0, 0.03900343179702759, 0.047658443450927734, 0.040534257888793945, 0.05432736873626709, 0.06745290756225586, 0.07050657272338867, 0.06367999315261841, 0.07619673013687134, 0.0879443883895874, 0.10771673917770386, 0.0943295955657959, 0.12880349159240723, 0.07307565212249756, 0.08303678035736084, 0.05362182855606079, 0.05844324827194214, 0.0903095006942749, 0.09261870384216309, 0.06990081071853638, 0.09951555728912354, 0.08097553253173828], [0.4048965573310852, 0.3494601845741272, 0.2759842276573181, 0.21235692501068115, 0.16740673780441284, 0.1524590253829956, 0.11984264850616455, 0.10046994686126709, 0.1067160964012146, 0.10107272863388062, 0.08291494846343994, 0.06973040103912354, 0.06018662452697754, 0.06519192457199097, 0.0464017391204834, 0.05488032102584839, 0.050709664821624756, 0.050125837326049805, 0.03900343179702759, 0.0, 0.05349576473236084, 0.04005247354507446, 0.04795360565185547, 0.061174869537353516, 0.06103640794754028, 0.053933024406433105, 0.062024056911468506, 0.07098102569580078, 0.09458118677139282, 0.08058321475982666, 0.11546647548675537, 0.06848263740539551, 0.07101374864578247, 0.054708003997802734, 0.06107109785079956, 0.07830989360809326, 0.07917517423629761, 0.06356513500213623, 0.0866662859916687, 0.07106125354766846], [0.4399194121360779, 0.3923443555831909, 0.3191908001899719, 0.2517821192741394, 0.2033149003982544, 0.18477386236190796, 0.12174409627914429, 0.09871846437454224, 0.08251982927322388, 0.07634294033050537, 0.0662035346031189, 0.05840349197387695, 0.061763882637023926, 0.04813879728317261, 0.06059157848358154, 0.051284074783325195, 0.07337486743927002, 0.03983968496322632, 0.047658443450927734, 0.05349576473236084, 0.0, 0.06575483083724976, 0.08488237857818604, 0.10588300228118896, 0.10569286346435547, 0.09794867038726807, 0.11114877462387085, 0.12335783243179321, 0.1493746042251587, 0.1326690912246704, 0.17077356576919556, 0.10387134552001953, 0.11522150039672852, 0.07210087776184082, 0.0654745101928711, 0.12303966283798218, 0.12538862228393555, 0.09047335386276245, 0.13497895002365112, 0.10686808824539185], [0.40579754114151, 0.3498125672340393, 0.2753828763961792, 0.21137583255767822, 0.16943931579589844, 0.15234363079071045, 0.12847739458084106, 0.10659700632095337, 0.11851316690444946, 0.11413300037384033, 0.09543120861053467, 0.07594096660614014, 0.05996125936508179, 0.07321792840957642, 0.04975992441177368, 0.05771183967590332, 0.04818594455718994, 0.05755692720413208, 0.040534257888793945, 0.04005247354507446, 0.06575483083724976, 0.0, 0.04059523344039917, 0.045313358306884766, 0.04860365390777588, 0.04356682300567627, 0.05341291427612305, 0.06367027759552002, 0.07784789800643921, 0.06835108995437622, 0.10029041767120361, 0.05352967977523804, 0.060226380825042725, 0.04793655872344971, 0.056969523429870605, 0.06586062908172607, 0.06745672225952148, 0.05679881572723389, 0.07341665029525757, 0.06084418296813965], [0.3875792622566223, 0.3290804624557495, 0.25786811113357544, 0.1977219581604004, 0.16207069158554077, 0.14774280786514282, 0.1371309757232666, 0.11978483200073242, 0.13835430145263672, 0.13543814420700073, 0.11303508281707764, 0.09536725282669067, 0.07576549053192139, 0.09341341257095337, 0.058042168617248535, 0.07151597738265991, 0.05117827653884888, 0.07609885931015015, 0.05432736873626709, 0.04795360565185547, 0.08488237857818604, 0.04059523344039917, 0.0, 0.03750425577163696, 0.04120582342147827, 0.03763848543167114, 0.040229976177215576, 0.046899378299713135, 0.058224618434906006, 0.04951757192611694, 0.08119601011276245, 0.049586355686187744, 0.047882258892059326, 0.05333429574966431, 0.06560510396957397, 0.05229586362838745, 0.05177414417266846, 0.05272173881530762, 0.05780094861984253, 0.05420166254043579], [0.3843708038330078, 0.32459908723831177, 0.2533807158470154, 0.19369769096374512, 0.16109579801559448, 0.14696061611175537, 0.14555007219314575, 0.12958437204360962, 0.1544344425201416, 0.15484905242919922, 0.12778246402740479, 0.10946357250213623, 0.08557510375976562, 0.11079871654510498, 0.06969964504241943, 0.08709615468978882, 0.059873223304748535, 0.09209716320037842, 0.06745290756225586, 0.061174869537353516, 0.10588300228118896, 0.045313358306884766, 0.03750425577163696, 0.0, 0.03790700435638428, 0.03510552644729614, 0.04170513153076172, 0.046446382999420166, 0.04694521427154541, 0.04267096519470215, 0.06831246614456177, 0.04304492473602295, 0.04392033815383911, 0.060101985931396484, 0.07543236017227173, 0.04727751016616821, 0.049848735332489014, 0.05991017818450928, 0.051044762134552, 0.05232816934585571], [0.38351351022720337, 0.32452648878097534, 0.25599241256713867, 0.20015007257461548, 0.16612958908081055, 0.15514260530471802, 0.1535094976425171, 0.13621282577514648, 0.16161322593688965, 0.15937060117721558, 0.13553941249847412, 0.11731207370758057, 0.09533655643463135, 0.11711138486862183, 0.07126718759536743, 0.09481948614120483, 0.06814277172088623, 0.09699231386184692, 0.07050657272338867, 0.06103640794754028, 0.10569286346435547, 0.04860365390777588, 0.04120582342147827, 0.03790700435638428, 0.0, 0.03556203842163086, 0.035328567028045654, 0.03866523504257202, 0.04641461372375488, 0.039598047733306885, 0.06404376029968262, 0.047928571701049805, 0.04202359914779663, 0.0594976544380188, 0.07619088888168335, 0.04543030261993408, 0.047007977962493896, 0.05643707513809204, 0.04743224382400513, 0.0513724684715271], [0.38950663805007935, 0.33136802911758423, 0.26263606548309326, 0.20506566762924194, 0.17081457376480103, 0.1595689058303833, 0.15141832828521729, 0.13394349813461304, 0.15454024076461792, 0.15169018507003784, 0.12805414199829102, 0.11040198802947998, 0.08908915519714355, 0.10990577936172485, 0.06905585527420044, 0.08810102939605713, 0.06236135959625244, 0.08833372592926025, 0.06367999315261841, 0.053933024406433105, 0.09794867038726807, 0.04356682300567627, 0.03763848543167114, 0.03510552644729614, 0.03556203842163086, 0.0, 0.0336722731590271, 0.03884321451187134, 0.04659581184387207, 0.040103018283843994, 0.0687030553817749, 0.042756736278533936, 0.037088096141815186, 0.05118513107299805, 0.06730836629867554, 0.04200005531311035, 0.04366236925125122, 0.049307167530059814, 0.04469579458236694, 0.04626953601837158], [0.391323983669281, 0.3330703377723694, 0.2683485150337219, 0.21332448720932007, 0.17963290214538574, 0.16893541812896729, 0.16638100147247314, 0.14796823263168335, 0.17131531238555908, 0.16892701387405396, 0.14396876096725464, 0.1254408359527588, 0.10528409481048584, 0.12595891952514648, 0.0781395435333252, 0.10154783725738525, 0.0738268494606018, 0.10335254669189453, 0.07619673013687134, 0.062024056911468506, 0.11114877462387085, 0.05341291427612305, 0.040229976177215576, 0.04170513153076172, 0.035328567028045654, 0.0336722731590271, 0.0, 0.032952308654785156, 0.046607792377471924, 0.03646010160446167, 0.06489253044128418, 0.04935067892074585, 0.03795039653778076, 0.058517396450042725, 0.07509899139404297, 0.03915351629257202, 0.03813612461090088, 0.049937427043914795, 0.04098832607269287, 0.044815123081207275], [0.3832642436027527, 0.32433247566223145, 0.26057958602905273, 0.20835506916046143, 0.1761852502822876, 0.16781949996948242, 0.16915899515151978, 0.15266036987304688, 0.1806676983833313, 0.1795198917388916, 0.15169799327850342, 0.1350862979888916, 0.11468076705932617, 0.13648658990859985, 0.08492279052734375, 0.11143290996551514, 0.08333635330200195, 0.11492729187011719, 0.0879443883895874, 0.07098102569580078, 0.12335783243179321, 0.06367027759552002, 0.046899378299713135, 0.046446382999420166, 0.03866523504257202, 0.03884321451187134, 0.032952308654785156, 0.0, 0.043191373348236084, 0.03584641218185425, 0.06280094385147095, 0.05570626258850098, 0.03890430927276611, 0.06806689500808716, 0.08363723754882812, 0.04058337211608887, 0.03861498832702637, 0.05668419599533081, 0.04149657487869263, 0.050644099712371826], [0.36270272731781006, 0.3014276623725891, 0.23906975984573364, 0.19100987911224365, 0.1676114797592163, 0.15974640846252441, 0.17420804500579834, 0.16290998458862305, 0.19581586122512817, 0.19676214456558228, 0.1697351336479187, 0.15196245908737183, 0.12511229515075684, 0.1543787121772766, 0.10360968112945557, 0.1279085874557495, 0.09288167953491211, 0.13524794578552246, 0.10771673917770386, 0.09458118677139282, 0.1493746042251587, 0.07784789800643921, 0.058224618434906006, 0.04694521427154541, 0.04641461372375488, 0.04659581184387207, 0.046607792377471924, 0.043191373348236084, 0.0, 0.0341496467590332, 0.051452457904815674, 0.056300342082977295, 0.04348880052566528, 0.08572053909301758, 0.10415339469909668, 0.04741472005844116, 0.04770272970199585, 0.07496577501296997, 0.045764386653900146, 0.06217360496520996], [0.37873244285583496, 0.3187771439552307, 0.25512945652008057, 0.20268088579177856, 0.17438995838165283, 0.16559141874313354, 0.17187738418579102, 0.15799760818481445, 0.18676799535751343, 0.1868044137954712, 0.15879017114639282, 0.14250314235687256, 0.1181841492652893, 0.1434229612350464, 0.09450000524520874, 0.11940503120422363, 0.08712410926818848, 0.1213310956954956, 0.0943295955657959, 0.08058321475982666, 0.1326690912246704, 0.06835108995437622, 0.04951757192611694, 0.04267096519470215, 0.039598047733306885, 0.040103018283843994, 0.03646010160446167, 0.03584641218185425, 0.0341496467590332, 0.0, 0.054268836975097656, 0.04642963409423828, 0.03563719987869263, 0.07015526294708252, 0.08654344081878662, 0.03745514154434204, 0.03743088245391846, 0.059522390365600586, 0.036642372608184814, 0.04809379577636719], [0.366433322429657, 0.30724722146987915, 0.24911218881607056, 0.20165330171585083, 0.1742904782295227, 0.16604751348495483, 0.18727010488510132, 0.17724597454071045, 0.2138962745666504, 0.2143406867980957, 0.18591588735580444, 0.17106902599334717, 0.14555656909942627, 0.17535662651062012, 0.12010359764099121, 0.14858901500701904, 0.11152267456054688, 0.15628403425216675, 0.12880349159240723, 0.11546647548675537, 0.17077356576919556, 0.10029041767120361, 0.08119601011276245, 0.06831246614456177, 0.06404376029968262, 0.0687030553817749, 0.06489253044128418, 0.06280094385147095, 0.051452457904815674, 0.054268836975097656, 0.0, 0.07892203330993652, 0.0640265941619873, 0.10775351524353027, 0.12470048666000366, 0.06568729877471924, 0.06582939624786377, 0.09595197439193726, 0.06289094686508179, 0.08094245195388794], [0.4041271209716797, 0.3479154109954834, 0.2801077365875244, 0.222273051738739, 0.1895650029182434, 0.1770053505897522, 0.1644042730331421, 0.14607113599777222, 0.16267406940460205, 0.16174399852752686, 0.13789153099060059, 0.11905109882354736, 0.0968828797340393, 0.11524301767349243, 0.08397752046585083, 0.09595829248428345, 0.07370245456695557, 0.09281140565872192, 0.07307565212249756, 0.06848263740539551, 0.10387134552001953, 0.05352967977523804, 0.049586355686187744, 0.04304492473602295, 0.047928571701049805, 0.042756736278533936, 0.04935067892074585, 0.05570626258850098, 0.056300342082977295, 0.04642963409423828, 0.07892203330993652, 0.0, 0.042668163776397705, 0.04786562919616699, 0.05836379528045654, 0.04096418619155884, 0.04701036214828491, 0.04561096429824829, 0.047163963317871094, 0.042137086391448975], [0.38834744691848755, 0.330500066280365, 0.2662057876586914, 0.21226680278778076, 0.18118655681610107, 0.16948652267456055, 0.1666320562362671, 0.15091079473495483, 0.17403638362884521, 0.17230522632598877, 0.14568042755126953, 0.13038289546966553, 0.10900479555130005, 0.1287606954574585, 0.08552825450897217, 0.10583090782165527, 0.08048802614212036, 0.10722023248672485, 0.08303678035736084, 0.07101374864578247, 0.11522150039672852, 0.060226380825042725, 0.047882258892059326, 0.04392033815383911, 0.04202359914779663, 0.037088096141815186, 0.03795039653778076, 0.03890430927276611, 0.04348880052566528, 0.03563719987869263, 0.0640265941619873, 0.042668163776397705, 0.0, 0.0557558536529541, 0.06923419237136841, 0.03347933292388916, 0.03598541021347046, 0.04589104652404785, 0.035586535930633545, 0.04118460416793823], [0.4304634928703308, 0.37966036796569824, 0.3125840425491333, 0.2519603967666626, 0.21246469020843506, 0.19739699363708496, 0.16204959154129028, 0.1389588713645935, 0.1410028338432312, 0.13616102933883667, 0.11883926391601562, 0.10037463903427124, 0.08860069513320923, 0.09389621019363403, 0.07207387685775757, 0.07852941751480103, 0.06900078058242798, 0.06927138566970825, 0.05362182855606079, 0.054708003997802734, 0.07210087776184082, 0.04793655872344971, 0.05333429574966431, 0.060101985931396484, 0.0594976544380188, 0.05118513107299805, 0.058517396450042725, 0.06806689500808716, 0.08572053909301758, 0.07015526294708252, 0.10775351524353027, 0.04786562919616699, 0.0557558536529541, 0.0, 0.03804945945739746, 0.055697858333587646, 0.05876314640045166, 0.03797280788421631, 0.06314986944198608, 0.04506462812423706], [0.43819284439086914, 0.3891735076904297, 0.3227244019508362, 0.2630830407142639, 0.22325104475021362, 0.2067357301712036, 0.1625913381576538, 0.14050734043121338, 0.1369045376777649, 0.13301652669906616, 0.11373752355575562, 0.09859699010848999, 0.08938336372375488, 0.08785748481750488, 0.07504051923751831, 0.07655346393585205, 0.07895767688751221, 0.06520259380340576, 0.05844324827194214, 0.06107109785079956, 0.0654745101928711, 0.056969523429870605, 0.06560510396957397, 0.07543236017227173, 0.07619088888168335, 0.06730836629867554, 0.07509899139404297, 0.08363723754882812, 0.10415339469909668, 0.08654344081878662, 0.12470048666000366, 0.05836379528045654, 0.06923419237136841, 0.03804945945739746, 0.0, 0.06854796409606934, 0.0720788836479187, 0.0445559024810791, 0.07968795299530029, 0.05579495429992676], [0.4026147127151489, 0.3468531370162964, 0.28284960985183716, 0.229167640209198, 0.19711607694625854, 0.1857680082321167, 0.18234753608703613, 0.1640511155128479, 0.18726229667663574, 0.18574845790863037, 0.15892577171325684, 0.14075005054473877, 0.11972993612289429, 0.13957703113555908, 0.09376579523086548, 0.1158021092414856, 0.08858931064605713, 0.11559861898422241, 0.0903095006942749, 0.07830989360809326, 0.12303966283798218, 0.06586062908172607, 0.05229586362838745, 0.04727751016616821, 0.04543030261993408, 0.04200005531311035, 0.03915351629257202, 0.04058337211608887, 0.04741472005844116, 0.03745514154434204, 0.06568729877471924, 0.04096418619155884, 0.03347933292388916, 0.055697858333587646, 0.06854796409606934, 0.0, 0.03374588489532471, 0.04454147815704346, 0.033802151679992676, 0.036283791065216064], [0.3977137804031372, 0.34207630157470703, 0.28043925762176514, 0.22797554731369019, 0.19797229766845703, 0.1862761378288269, 0.18160992860794067, 0.1642853021621704, 0.18674731254577637, 0.18409180641174316, 0.15983426570892334, 0.14277780055999756, 0.1220654845237732, 0.14140784740447998, 0.096585214138031, 0.1157757043838501, 0.08866363763809204, 0.11765003204345703, 0.09261870384216309, 0.07917517423629761, 0.12538862228393555, 0.06745672225952148, 0.05177414417266846, 0.049848735332489014, 0.047007977962493896, 0.04366236925125122, 0.03813612461090088, 0.03861498832702637, 0.04770272970199585, 0.03743088245391846, 0.06582939624786377, 0.04701036214828491, 0.03598541021347046, 0.05876314640045166, 0.0720788836479187, 0.03374588489532471, 0.0, 0.044841468334198, 0.03231245279312134, 0.037812113761901855], [0.42733144760131836, 0.37542515993118286, 0.31095367670059204, 0.2540225386619568, 0.2162572741508484, 0.2017441987991333, 0.17586326599121094, 0.1546381115913391, 0.16247278451919556, 0.15717041492462158, 0.13715916872024536, 0.11962658166885376, 0.10464984178543091, 0.11377382278442383, 0.08361554145812988, 0.09501093626022339, 0.08037841320037842, 0.08920007944107056, 0.06990081071853638, 0.06356513500213623, 0.09047335386276245, 0.05679881572723389, 0.05272173881530762, 0.05991017818450928, 0.05643707513809204, 0.049307167530059814, 0.049937427043914795, 0.05668419599533081, 0.07496577501296997, 0.059522390365600586, 0.09595197439193726, 0.04561096429824829, 0.04589104652404785, 0.03797280788421631, 0.0445559024810791, 0.04454147815704346, 0.044841468334198, 0.0, 0.04904228448867798, 0.03621560335159302], [0.39972126483917236, 0.34395402669906616, 0.28241145610809326, 0.23071038722991943, 0.20278900861740112, 0.1911577582359314, 0.18962067365646362, 0.1736546754837036, 0.19635844230651855, 0.1942870020866394, 0.16924363374710083, 0.15196478366851807, 0.12993985414505005, 0.15051347017288208, 0.1051287055015564, 0.12616252899169922, 0.09497964382171631, 0.1266215443611145, 0.09951555728912354, 0.0866662859916687, 0.13497895002365112, 0.07341665029525757, 0.05780094861984253, 0.051044762134552, 0.04743224382400513, 0.04469579458236694, 0.04098832607269287, 0.04149657487869263, 0.045764386653900146, 0.036642372608184814, 0.06289094686508179, 0.047163963317871094, 0.035586535930633545, 0.06314986944198608, 0.07968795299530029, 0.033802151679992676, 0.03231245279312134, 0.04904228448867798, 0.0, 0.03722214698791504], [0.42398297786712646, 0.3711280822753906, 0.30791884660720825, 0.2513161897659302, 0.2165507674217224, 0.20271694660186768, 0.1848585605621338, 0.16431140899658203, 0.1771222949028015, 0.17482131719589233, 0.15148615837097168, 0.13249021768569946, 0.11457401514053345, 0.12782245874404907, 0.09323859214782715, 0.10704934597015381, 0.08552110195159912, 0.10290229320526123, 0.08097553253173828, 0.07106125354766846, 0.10686808824539185, 0.06084418296813965, 0.05420166254043579, 0.05232816934585571, 0.0513724684715271, 0.04626953601837158, 0.044815123081207275, 0.050644099712371826, 0.06217360496520996, 0.04809379577636719, 0.08094245195388794, 0.042137086391448975, 0.04118460416793823, 0.04506462812423706, 0.05579495429992676, 0.036283791065216064, 0.037812113761901855, 0.03621560335159302, 0.03722214698791504, 0.0]], "losses": [2.858644485473633, 2.8383231163024902, 2.546753168106079, 2.6398863792419434, 2.357682943344116, 2.5618820190429688, 2.574209213256836, 2.5312702655792236, 2.5904343128204346, 2.5111467838287354, 2.503356456756592, 2.566093683242798, 2.529031753540039, 2.554208755493164, 2.494696855545044, 2.186506509780884, 2.5301971435546875, 2.5049424171447754, 2.508455276489258, 2.5179851055145264, 2.5255320072174072, 2.459852695465088, 2.5086586475372314, 2.1222116947174072, 2.3391451835632324, 2.4994189739227295, 2.4062836170196533, 2.4944279193878174, 2.522613048553467, 2.4574596881866455, 2.4526004791259766, 2.4692790508270264, 2.4356625080108643, 2.504678964614868, 2.4839210510253906, 2.4071571826934814, 2.4778661727905273, 2.4033303260803223, 2.522801160812378, 2.4980955123901367], "div_coeff_mu": 0.13259888467116235, "div_coeff_var": 0.09631307264907843, "num_tasks": 40, "eval_loss": 2.4080636978149412}